1.706886168074509769e+05 2.265651817528728861e+05
2.054671070426784281e+05 2.451368898966343259e+05
2.467539999158916762e+05 2.660945803999209311e+05
2.569602416890119493e+05 3.106445292335752165e+05
2.341227145991269208e+05 3.275951192203206010e+05
2.213060030160814931e+05 3.390459968317757011e+05
2.528261112658970524e+05 3.726448949394861702e+05
2.910776811132364674e+05 3.806253065513511538e+05
3.245855886359371943e+05 3.953429973089456325e+05
3.283354034041223931e+05 4.386159466804323602e+05
3.192409147362047806e+05 4.598233749479341786e+05
2.981141479750773287e+05 5.042258173035217915e+05
3.046839956790794386e+05 5.471545501062198309e+05
2.771518867686013691e+05 5.434786139707495458e+05
2.467125200978381617e+05 5.322401863971202401e+05
2.142651068639089935e+05 5.414930803534353618e+05
1.982165071186038258e+05 5.531308701710860478e+05
2.122988799344116123e+05 5.932188954725506483e+05
2.299370540067855909e+05 6.332617729037072277e+05
2.165311192372212827e+05 6.686662601275343914e+05
1.934089190807524428e+05 6.577731339498973684e+05
1.788073541425023286e+05 6.144563330320598325e+05
1.632003231172070082e+05 6.263071803777210880e+05
1.688342520715815481e+05 6.703982830586557975e+05
1.752296835119698662e+05 7.128735245191733120e+05
1.952186114945201552e+05 7.549257400939493673e+05
1.575084622764182568e+05 7.469307149980474496e+05
1.533097001677826047e+05 7.730271349757513963e+05
1.673869384839373233e+05 7.996007545600535814e+05
1.760097626125335810e+05 8.335432429202859057e+05
1.755408281048739736e+05 8.617351897895210423e+05
1.829005326797254966e+05 8.977551496957641793e+05
2.008150330338755739e+05 9.062360391271039844e+05
1.996663159371750953e+05 9.354532693943635095e+05
2.162134910310179112e+05 9.616161416219433304e+05
2.500184459053991013e+05 9.706517653111637337e+05
2.890535213680036832e+05 9.681095352448554477e+05
3.285738928410840454e+05 9.768078084111018106e+05
3.381805904985068482e+05 9.453918475194477942e+05
3.028641813981869491e+05 9.120224376719520660e+05
2.969986582881824579e+05 8.876517116416454082e+05
2.937018655747050070e+05 8.637977037829614710e+05
3.377116710719148396e+05 8.667681118443590822e+05
3.838658440743307583e+05 8.690155474224993959e+05
4.161551899468562915e+05 8.453797793029687600e+05
4.002977052089801291e+05 8.019821795671213185e+05
3.761009021329890820e+05 7.614270614654845558e+05
3.533202045988673344e+05 7.242948511431618826e+05
3.431963756704324041e+05 6.997138820279701613e+05
3.327370312243010267e+05 6.758166025200500153e+05
3.735925243525585975e+05 6.792481381288201082e+05
4.073743774953068933e+05 6.484086254050834104e+05
4.277578546746571665e+05 6.095506399706954835e+05
4.429113494673561654e+05 5.648553510673410492e+05
4.644424598897752585e+05 5.259654546608665260e+05
5.023109912286251783e+05 4.998430588871389627e+05
5.227057167151211179e+05 4.665262502479885588e+05
5.400080330086348113e+05 4.240644841787490877e+05
5.395836705706714420e+05 4.055811066881169681e+05
5.595570058178604813e+05 3.619852777254509274e+05
5.617926775676888647e+05 3.359111025613222737e+05
6.049016355153460754e+05 3.476581493757976568e+05
6.480700584040561225e+05 3.251773146045224275e+05
6.538159169801841490e+05 2.782730638196907821e+05
6.344443259926741011e+05 2.351973053814944869e+05
6.073282768430629512e+05 2.067376651268214337e+05
5.919800303549369564e+05 1.803227203809595376e+05
6.297971790195474168e+05 1.728493228625170013e+05
6.347176536733561661e+05 1.388704317197524360e+05
6.000618489270622376e+05 1.155119960818927939e+05
5.579760423492912669e+05 9.354796887788696040e+04
5.097408822383310180e+05 9.977531398335717677e+04
4.657891603955012397e+05 9.642501104575740464e+04
4.238214106575246551e+05 9.035700643732413300e+04
3.895019954534325516e+05 7.707094155275834783e+04
3.610391600867038942e+05 7.744072989553427033e+04
3.165721301431599422e+05 8.523736264627348282e+04
2.937766304028622108e+05 5.167832432440122648e+04
2.624536776132400264e+05 4.352916759071552224e+04
2.238304551710770174e+05 4.887058384389780986e+04
1.895232701809983992e+05 3.282341507331954199e+04
1.640734366094260768e+05 1.753400236299355674e+04
1.331564923556742142e+05 2.726604951943927517e+04
1.670931779853357293e+05 5.043566152290339960e+04
1.947454332216139010e+05 8.264975891811953625e+04
2.192988046346271003e+05 1.187663232166208909e+05
2.423893506910015130e+05 1.443871806042814278e+05
2.874783769933407311e+05 1.499811545339769218e+05
3.257519002281659050e+05 1.600115163611118041e+05
3.239907017159268144e+05 1.740620951857115433e+05
2.842427934793223394e+05 1.743775207536965318e+05
2.489107450579059660e+05 1.831010467239359568e+05
2.219158399546827713e+05 2.052633801799997163e+05
1.850422320138356590e+05 1.992109702938146947e+05
5.298294310992074898e+05 3.747389380917659146e+05
3.522031395479327184e+05 4.147487448019484291e+05
5.776352900711342227e+05 2.071091203613446851e+05
3.419102083588035894e+05 1.691725824353095377e+05
3.377088831600868725e+05 1.890564352414896712e+05
3.588497943965415470e+05 1.831375861146506213e+05
3.541930576583832153e+05 2.063118050824225065e+05
3.776956764148834627e+05 1.998141049931879679e+05
3.720384699786414276e+05 2.245068098459549365e+05
3.974182507594061317e+05 2.170611609768974595e+05
3.912587773760418640e+05 2.434000685599017306e+05
4.174514034502392169e+05 2.356356691168233519e+05
4.112561628527749563e+05 2.623302118162954575e+05
4.374992967456729384e+05 2.544741860839789733e+05
4.312956552240041783e+05 2.811014976843114709e+05
3.432221026272449526e+05 4.581732316640474601e+05
3.170331299808708136e+05 6.969962315465912689e+05
4.574349598367260769e+05 2.732580436899348861e+05
3.853167340692596626e+05 2.697559597667200142e+05
5.064991977555775084e+05 4.351663633722682716e+05
4.638082350095947040e+05 2.466691211307357880e+05
4.511507735865570721e+05 2.997521734717773506e+05
4.252179592343593249e+05 3.076024609859879711e+05
4.455072687040193705e+05 3.265088572938372381e+05
4.240392709807311767e+05 2.095247684630356089e+05
3.351871741425368236e+05 7.616870150303062983e+05
4.840405757362433360e+05 2.657230159817473032e+05
4.188145600756901549e+05 3.344582129437593394e+05
4.396798643663267721e+05 3.537261711878898204e+05
1.995948331741068105e+05 8.418588994584975298e+05
2.749723944303249009e+05 8.789087701291027479e+05
3.673526842787170899e+05 1.567457884023185470e+05
2.716367041925519588e+05 8.550362614044372458e+05
2.907109820710222702e+05 8.394034705774311442e+05
4.904449619716877351e+05 2.384668294584953110e+05
5.110965304368438665e+05 2.580419216664029518e+05
2.678138342787654838e+05 8.303070724146623397e+05
3.252475253560454003e+05 3.586062966030784301e+05
4.721146335119004361e+05 3.192448827384334290e+05
3.471170830650972202e+05 2.340790020253421972e+05
2.873447121007842943e+05 8.135223899903437123e+05
2.877444725200018147e+05 5.697552518886798061e+05
3.152748495156047866e+05 5.731330836700224318e+05
3.339287970010700519e+05 5.501085366453417810e+05
2.993141431884899503e+05 5.968301150228206534e+05
3.258554002360224258e+05 6.004248141007176600e+05
4.853505671930411481e+05 1.308190233055655553e+05
4.121595680836200481e+05 3.619306314930272056e+05
4.329455125707940897e+05 3.812553611385830445e+05
3.066766003683331073e+05 6.728265491693523945e+05
2.902089327374770073e+05 6.944453216196398716e+05
4.226450872782131773e+05 5.239909973868152592e+05
4.352835460006598150e+05 4.937207940774327144e+05
2.640425295446438249e+05 8.035922289390640799e+05
5.580435159959077137e+05 1.827924943981276592e+05
2.833197760873749503e+05 7.868732047729531769e+05
2.831520186419793172e+05 2.812000001488416456e+05
2.213584359829784953e+05 9.214237813051408157e+05
2.199703608286115341e+05 8.977402164709768258e+05
4.611473032907873858e+05 3.730706541756108054e+05
3.916781255375617184e+05 3.422315355595789151e+05
6.091000470157496165e+05 2.725355265986591694e+05
3.017002136718284455e+05 7.187041016995123355e+05
2.746096373031660332e+05 7.167612901253317250e+05
2.394981978731786658e+05 9.072069297621883452e+05
3.755908238689352875e+05 1.019053742154674983e+05
5.167741479495447129e+05 2.309710789118229877e+05
5.383685980033865198e+05 2.498193553772965388e+05
5.318242464491904248e+05 2.779011739125227905e+05
4.970024480770474765e+05 2.101845999011822860e+05
4.544598843728148495e+05 4.012737011273643002e+05
4.258276637100934749e+05 4.109118700099054840e+05
4.022095056693840888e+05 4.968278315295634093e+05
2.566268369733639993e+05 7.754334143672976643e+05
2.775763760610517347e+05 8.334204548783882638e+04
3.092841154294050066e+05 7.965949935652085114e+05
2.541206869407904160e+05 8.709249050114430720e+05
1.962995796915826504e+05 8.126602495562548283e+05
3.840352896104580723e+05 3.702208860136585427e+05
2.626085147708115401e+05 6.912627725288126385e+05
2.441221125132168527e+05 7.138393854438679991e+05
4.821029028095251415e+05 3.919766741687668837e+05
2.779149716972961323e+05 2.446744789230125607e+05
3.099826591404327773e+05 1.971767043862658320e+05
1.995436156357132713e+05 8.857532563225061167e+05
3.570323865844039829e+05 6.458476640102880774e+05
4.871615900872950442e+05 3.643661416971218423e+05
2.852724079200673150e+05 3.159830217203379143e+05
3.129835009681731462e+05 2.919472922211977420e+05
4.476167343730129069e+05 4.301728696619074326e+05
2.226219694557295297e+05 8.265826618761611171e+05
2.198314804259130615e+05 8.758704980943679111e+05
3.822751118693174212e+05 5.237856842681085109e+05
3.112151334859309718e+05 6.238236558503448032e+05
4.178674054965607938e+05 4.397040719732773723e+05
5.579876042263177224e+05 2.679644045834334102e+05
2.699844521541104768e+05 5.959576428379790159e+05
2.886127981107915984e+05 7.415359045589924790e+05
5.260758754669096088e+05 1.386195815492251131e+05
3.986262292805857142e+05 5.786410935571168084e+05
3.963893285396322608e+05 4.199964166018920951e+05
3.911261023546135984e+05 4.474593891838808195e+05
5.510805817982623121e+05 2.967484770059656585e+05
5.245621841942011379e+05 3.044091876659953268e+05
3.325623637034907588e+05 4.887417117056819843e+05
3.613450328316917294e+05 3.497904194232099690e+05
3.703014144187169732e+05 3.216709598508152994e+05
2.210355864826764737e+05 8.011808748479946516e+05
3.638863668123055249e+05 8.075629264710521093e+05
2.369334498346820183e+05 5.566754064989954932e+05
4.450981855308292434e+05 1.336109042074669560e+05
4.632578908200116130e+05 1.664651706445607415e+05
4.243424076921295491e+05 1.613561200460390246e+05
4.090652160296435468e+05 1.335234221010311448e+05
5.914130438510782551e+05 3.121846760977602680e+05
5.261585400033236947e+05 2.013608015884885099e+05
1.964105486278175958e+05 6.880833301765344804e+05
3.131300497243396821e+05 1.301369528872749070e+05
3.421262740950080915e+05 1.380974349074131751e+05
5.012244066936087911e+05 1.809820065024067299e+05
5.960179613530179486e+05 2.357197115917114425e+05
2.723863204125692719e+05 9.422842039895679336e+05
2.565749835686441511e+05 3.354660996977550676e+05
3.474805287918783724e+05 1.020654702488881012e+05
2.795952340624726494e+05 9.013847672830971424e+05
2.489151748049368616e+05 6.606881791850385489e+05
3.058508131907470524e+05 7.687278614111584611e+05
3.676633140444346354e+05 1.265626324460252072e+05
3.614651934622767149e+05 4.795243344684117474e+05
5.376021671056430787e+05 3.466413981976292562e+05
5.766290036883326247e+05 1.530715413105381012e+05
3.408432317519031931e+05 3.285776387611635728e+05
3.484984120150511735e+05 2.982157403137819492e+05
3.842850018954733387e+05 6.117466820986043895e+05
3.704414393160066102e+05 5.848111394217991037e+05
3.073792560429626610e+05 2.586223121972107037e+05
2.649168327298134682e+05 6.336611675502337748e+05
3.952630678879517363e+05 1.599901250598341285e+05
3.053569160389745375e+05 2.255702679297286086e+05
5.044947990815560333e+05 2.851896472917794017e+05
2.201299164943571668e+05 6.962563570402181940e+05
2.785769574319800595e+05 6.697852827236957382e+05
2.789657645780785242e+05 2.087636177104876842e+05
3.514969169485919992e+05 5.085349832452203846e+05
3.114792827396845678e+05 8.234326451272170525e+05
4.983711986374884145e+05 3.119877553939889767e+05
4.857849593452821719e+05 4.669737574443222256e+05
4.663787893194959033e+05 3.458736372851890046e+05
4.776735637947267387e+05 2.923577463425479946e+05
2.889624229216803797e+05 3.468830362410352100e+05
3.538879668839179212e+05 3.812583265319857746e+05
4.054216992927487590e+05 2.886667592167453840e+05
2.488625648397289333e+05 1.046735113948755461e+05
4.439950594895138638e+05 2.276918208291853662e+05
4.516378166053207824e+05 2.000631855316283472e+05
4.048058389186799759e+05 3.903031138020968647e+05
2.572506472162965219e+05 8.925198145644414471e+05
3.234916895175219979e+05 6.490289443810202647e+05
4.043583696717794519e+05 1.872321048137345642e+05
3.277650676637621946e+05 7.201068065919566434e+05
3.153465652772288886e+05 7.418490578633911209e+05
5.128023475194682833e+05 3.551985653614599723e+05
3.988407547202473506e+05 3.151716559050029609e+05
2.473865020545399457e+05 2.276816875462868484e+05
4.705190255053169094e+05 2.192743834465064283e+05
3.049472422843428794e+05 9.439670274151850026e+05
5.630371258713116404e+05 2.348330470258615096e+05
2.250806682563213399e+05 8.516059835444368655e+05
3.379677608959767967e+05 2.643105894129436929e+05
2.470994511089916050e+05 7.408290329865954118e+04
2.444007445067915251e+05 9.325001277207734529e+05
3.139705567367257900e+05 8.456007422924096463e+05
4.926620759566466440e+05 3.383251166182411835e+05
5.281441877641958417e+05 1.690861802069238038e+05
5.179942300916645909e+05 3.298318022021905053e+05
3.772361625995655195e+05 4.012091407958291238e+05
3.656632790948798065e+05 2.519965571302128083e+05
3.342955440924415016e+05 6.251702189437128836e+05
4.774101051742320415e+05 4.188478859280743636e+05
3.624868600537376478e+05 8.416051354453534586e+05
2.952166165348360082e+05 6.446983560672431486e+05
2.569820202364747238e+05 7.455959733322999673e+05
2.283483137503124308e+05 7.401385550966307055e+05
2.470579682102737133e+05 8.464558977889937814e+05
2.274117039330907864e+05 7.703814020234356867e+05
5.059118570650540642e+05 3.823099059174209833e+05
2.810014747421037173e+05 1.162930345924201829e+05
3.263864203309939476e+05 7.826953112043918809e+05
3.781099772833809839e+05 2.949013313705800101e+05
5.431481964724087156e+05 3.216128535804940620e+05
2.375854130383284064e+05 8.853311132345460355e+05
6.066371431326470338e+05 1.521252024711319827e+05
3.273907423197588068e+05 5.223785325769716292e+05
3.132108695768251782e+05 3.266456736097297398e+05
3.297720934904870228e+05 2.153948038429974695e+05
5.028694015984709840e+05 4.062434954215711914e+05
5.772224624353669351e+05 2.872648439168925397e+05
1.934436867089316365e+05 7.852960260095732519e+05
6.214601403532829136e+05 3.071657460992860142e+05
4.482024338201010833e+05 4.624025906451673945e+05
5.512607981976841111e+05 2.097919991911784164e+05
2.083154463907916506e+05 7.190707983384905383e+05
3.720954120967722847e+05 4.307273570233933278e+05
3.691268375623612083e+05 5.561510097201642347e+05
3.631112326717096730e+05 2.758360355988477240e+05
4.767283175402611960e+05 1.953938692052569240e+05
5.819257330538856331e+05 2.597536684493587236e+05
3.805251243173023104e+05 1.770562248372103786e+05
4.020776580561727751e+05 1.060356899261729559e+05
2.449576321923664655e+05 8.212448667419521371e+05
3.522472156739091733e+05 4.392231696581823053e+05
2.605899227653056150e+05 5.635639154177862220e+05
2.445376342422408052e+05 6.080420814323330997e+05
4.685885366532145417e+05 4.910546163189234212e+05
3.552546352550759329e+05 5.340418742313545663e+05
5.561883984771841206e+05 1.263629096168475808e+05
2.039182851193857205e+05 8.633647654418658931e+05
4.134367001334633678e+05 4.690533334827895742e+05
2.851815850560986437e+05 9.244520575445024297e+05
2.767696492853059317e+05 7.633683403646474471e+05
2.881294356186361983e+05 6.189941874657243025e+05
3.538831106383281876e+05 6.067260163761934964e+05
2.396620828414377465e+05 6.837985541490060277e+05
3.670237242069778731e+05 4.545897820209460915e+05
5.201471941433399916e+05 3.968184768167464645e+05
2.213453397936412657e+05 5.655589286818522960e+05
2.630521215212345123e+05 9.167246501440950669e+05
3.415439827630768414e+05 7.418729584188601002e+05
4.328873107987690601e+05 1.852166378341423406e+05
5.649313924249609699e+05 3.107443906324869022e+05
3.242739618799476884e+05 2.401746083927362051e+05
3.317844469898057287e+05 8.063065199000278953e+05
3.466690620817262679e+05 7.839357668142525945e+05
2.225501054356727400e+05 8.672250488390575629e+04
3.367043740175356506e+05 8.326571849276915891e+05
5.218214994153389707e+05 4.135747852954904083e+05
4.721371953638525447e+05 4.435764136371765053e+05
1.956762966066045337e+05 2.199172166784129222e+05
2.353341647195307305e+05 8.672852703223978169e+05
3.883059500790614402e+05 1.216692937865280401e+05
3.285683352171492879e+05 3.103215701378642116e+05
3.770622312203963520e+05 4.972659058745004004e+05
2.263314866726724140e+05 9.443290170706770150e+05
2.409482797873985837e+05 5.805028117235826794e+05
3.298272456885965075e+05 1.138843051724624238e+05
5.391335154509888962e+05 2.270148490551270952e+05
3.859312074594611768e+05 4.742053234874157351e+05
1.991191879353002878e+05 5.700452538310088858e+04
4.026253353660346474e+05 5.478377764267093735e+05
3.447517390448988299e+05 5.785590999890398234e+05
3.865486669922728324e+05 1.400930026182888541e+05
5.048440362162133097e+05 1.531801141336469736e+05
5.500169265444220509e+05 1.550138390315654397e+05
4.291703261339342571e+05 1.119904067435505422e+05
3.879749856427161139e+05 8.316241492582780775e+05
2.431903325314424001e+05 7.935298568798031192e+05
