520 14 694
25 26 705
10 11 8
147 148 839
578 704 907
635 83 876
455 759 1134
135 136 663
52 676 955
94 96 368
481 783 1141
170 171 596
520 694 714
58 871 947
481 501 783
722 570 796
116 117 693
29 745 940
499 598 782
745 675 940
364 719 860
892 968 1119
676 52 1103
898 98 1100
549 691 701
830 749 960
118 652 844
592 499 782
686 938 1091
176 177 1009
846 822 1158
370 91 711
593 749 830
561 481 1141
689 3 1101
761 60 762
133 134 663
90 370 740
706 455 1134
801 616 983
839 148 1048
64 65 989
114 115 547
627 935 976
799 354 865
905 461 983
8 11 7
636 637 794
741 1058 1069
702 392 971
796 570 895
757 577 764
30 32 745
873 605 911
758 757 764
392 702 1068
988 418 1153
460 356 948
776 703 1070
454 39 880
590 747 944
240 692 873
596 171 617
405 822 846
83 84 876
692 240 839
579 825 827
892 531 968
563 741 1069
685 801 983
578 907 908
214 803 821
684 846 1158
821 803 1042
67 68 641
370 711 815
118 119 652
549 701 851
62 63 1085
716 988 1153
968 629 1119
46 880 933
760 506 1093
1051 920 1081
164 165 163
108 109 585
957 103 980
506 760 1039
794 637 1041
932 854 990
647 873 911
935 581 976
524 980 1144
641 921 999
735 633 736
106 107 1058
455 706 1162
89 90 740
726 458 777
938 686 998
240 147 839
585 109 868
739 439 816
668 776 1070
618 894 1165
44 45 41
574 884 944
67 641 1055
652 119 1082
643 590 944
60 61 762
451 178 1077
46 47 880
61 62 1086
758 576 970
954 671 1048
117 118 844
82 83 635
354 58 947
705 779 1175
490 920 1051
120 121 721
618 326 744
145 146 647
112 113 609
901 166 961
36 37 548
368 724 1115
454 880 1091
91 92 711
51 52 955
344 781 1064
103 104 980
524 600 980
579 827 828
40 41 1080
687 540 973
95 96 94
364 860 967
237 1052 1109
756 567 886
75 76 725
451 1077 1098
871 658 947
307 739 1033
178 179 1077
132 447 742
107 679 1058
921 641 1003
362 954 1048
781 782 1064
345 861 862
684 697 1108
697 684 1158
1122 791 1123
712 909 928
908 1092 1095
716 717 988
865 354 947
3 485 1101
768 81 918
704 578 1012
514 511 828
17 18 773
1058 679 1069
780 592 782
583 728 845
919 670 1104
608 589 810
98 99 1100
570 722 797
148 149 1048
616 905 983
71 72 629
58 59 871
344 292 781
168 707 1124
404 656 746
72 73 683
160 901 961
908 1065 1092
130 131 742
326 415 744
21 22 419
576 758 1021
94 368 455
78 79 531
169 596 640
807 808 863
909 444 928
653 932 990
134 135 663
511 579 828
744 670 919
808 421 863
86 87 737
608 810 1007
687 973 1135
708 479 1069
943 749 1067
739 307 994
345 862 997
169 170 596
42 44 41
756 886 1008
193 195 847
479 708 1093
359 749 943
894 618 919
662 830 960
737 740 934
1020 682 1100
20 21 1127
455 368 1115
356 442 948
707 168 1045
852 537 860
34 35 1159
766 1047 1053
765 618 1165
2 3 689
719 852 860
703 702 971
940 842 1023
518 516 802
721 1000 1060
822 405 906
157 158 793
173 458 899
554 657 738
144 733 1143
1028 528 1029
629 72 1119
149 362 1048
590 480 751
665 772 848
1000 891 1060
70 71 382
374 373 395
155 156 841
989 65 1094
641 999 1055
685 467 801
884 574 1116
813 853 870
416 570 797
378 462 926
183 184 674
712 359 943
533 798 799
183 674 791
686 48 998
467 432 753
770 501 784
597 856 890
395 404 746
439 739 994
1118 34 1159
266 245 872
849 858 1121
579 460 948
1052 730 1109
714 482 1145
677 1051 1081
665 521 772
359 712 928
467 753 801
533 797 798
705 26 779
627 815 935
0 1 995
60 761 1185
316 754 755
516 742 802
541 5 630
754 316 1138
175 176 397
934 740 1036
57 354 1035
742 447 802
533 416 797
541 630 702
26 27 779
614 812 813
767 768 918
1062 617 1074
708 760 1093
1047 610 1053
172 173 899
558 622 730
138 139 578
293 542 545
938 352 1105
664 808 1099
293 142 542
129 130 515
292 328 781
628 293 810
4 5 541
372 351 373
245 572 872
808 664 1063
405 806 906
703 776 1001
104 105 698
101 102 577
33 34 675
766 765 1165
736 633 850
784 958 1068
703 971 1070
145 647 1019
180 734 1077
884 643 944
633 735 1177
368 96 975
288 193 847
501 770 783
18 539 773
757 682 1020
789 291 959
461 513 983
849 468 858
110 111 248
875 1033 1110
713 1125 1184
531 79 952
16 17 214
732 23 931
1026 490 1035
698 343 713
972 720 977
180 181 1016
458 726 1074
87 88 737
177 200 493
154 155 841
734 649 1098
728 583 942
1077 734 1098
812 614 838
693 844 1040
534 588 670
450 395 746
663 136 1092
814 946 960
379 378 926
1022 1062 1072
835 591 897
122 123 388
169 640 1045
875 307 1033
958 784 1182
36 549 800
730 622 816
825 579 948
415 534 744
622 739 816
654 558 730
354 799 1035
549 548 691
842 27 1023
545 542 546
143 144 1143
395 373 403
855 325 1176
971 391 1070
539 19 636
291 789 900
702 630 770
693 117 844
379 750 828
639 617 1062
352 50 502
49 50 352
734 180 1016
597 890 927
1047 766 1165
374 395 450
185 186 913
432 431 753
296 807 863
502 613 728
18 19 539
482 561 1145
370 815 1014
315 774 840
325 310 508
372 373 374
777 458 1084
413 790 837
480 478 751
352 502 727
750 514 828
127 128 316
490 57 1035
609 113 672
716 546 717
1036 638 1076
774 836 840
727 550 1105
541 702 703
195 614 847
3 4 485
105 343 698
50 955 1081
564 480 590
395 403 404
695 403 855
592 780 1032
313 618 765
545 546 716
792 748 1044
351 325 855
558 556 622
43 44 42
836 774 1179
713 741 1125
33 675 1148
874 385 1075
173 174 458
403 373 855
778 417 914
141 142 293
920 490 1026
1022 639 1062
763 868 969
556 554 738
711 706 1134
691 548 743
752 189 1019
643 884 1129
763 585 868
819 820 896
728 613 729
774 837 1179
834 835 897
636 19 637
564 590 643
241 417 778
955 677 1081
647 240 873
385 874 1131
717 718 756
935 711 1134
241 242 257
141 293 628
858 743 1121
835 836 962
614 813 847
491 929 1177
263 284 796
798 729 1026
713 343 741
82 635 879
48 49 998
515 130 516
355 413 774
234 241 778
853 631 870
377 471 818
719 364 1110
404 492 656
6 7 775
316 128 1138
492 491 1177
550 727 1096
609 672 903
325 508 1176
636 794 924
1042 803 1061
181 1122 1123
559 558 654
502 50 613
1039 760 1130
803 710 1061
105 106 343
419 22 1120
701 691 1156
282 299 313
751 792 1044
151 854 932
310 266 872
36 548 549
530 420 949
534 670 744
234 239 241
122 388 1000
534 587 588
805 897 923
434 432 467
56 57 490
352 938 998
92 93 706
166 167 961
679 280 708
211 25 680
802 537 852
144 145 189
136 137 1092
781 780 782
340 398 399
146 147 240
483 787 788
779 27 842
542 733 1164
1092 137 1095
125 126 597
69 1003 1151
569 842 939
431 623 753
788 787 789
724 368 1107
660 475 987
86 737 934
1050 699 1078
521 215 772
554 553 657
758 764 1021
315 355 774
816 439 817
675 939 940
241 239 242
962 836 1179
430 431 432
415 532 534
844 652 1079
750 379 926
508 872 974
112 609 981
819 818 820
485 4 1001
739 738 1033
353 405 846
319 722 796
417 642 914
269 292 344
284 319 796
622 738 739
900 599 922
47 48 686
809 812 838
328 386 781
313 326 618
355 411 413
104 698 980
939 842 940
90 91 370
338 818 819
29 30 745
607 153 673
618 744 919
717 546 718
353 396 405
388 891 1000
737 89 740
9 10 8
74 75 725
280 585 760
181 182 1122
107 280 679
847 813 870
215 213 216
223 222 230
413 411 483
144 189 733
488 805 831
980 698 1144
88 89 737
557 556 558
807 535 808
845 728 1106
946 662 960
880 686 1091
519 553 554
230 778 795
774 413 837
862 418 997
382 71 629
333 335 819
430 429 431
700 820 1078
606 743 1133
208 207 209
221 220 222
197 199 838
216 218 219
518 802 852
519 518 553
729 798 1106
380 472 811
622 556 738
478 505 751
664 521 665
897 591 923
528 1028 1152
508 974 991
809 251 811
92 706 711
219 220 221
230 234 778
413 483 790
725 76 1114
335 338 819
800 549 1183
764 487 1021
479 478 480
377 466 471
746 972 977
57 58 354
293 545 810
249 281 282
38 39 454
607 673 726
437 428 794
162 163 1059
219 218 220
404 403 491
614 197 838
708 280 760
132 446 447
205 251 809
319 369 722
605 873 874
561 775 1145
212 209 213
862 608 1007
264 380 811
483 788 790
386 389 497
468 467 685
555 554 556
751 505 792
483 786 787
896 820 904
386 497 780
221 222 223
623 731 1088
478 437 505
288 870 1054
146 240 647
288 1054 1082
804 202 831
596 617 639
488 302 834
338 377 818
537 859 860
861 608 862
261 256 270
367 470 535
809 811 812
216 213 217
296 298 807
373 351 855
242 254 850
447 537 802
4 541 1001
324 310 325
811 472 812
69 70 1003
204 202 804
277 401 814
596 639 640
447 503 537
280 108 585
355 357 411
291 900 922
107 108 280
404 491 492
315 323 355
485 776 902
264 273 380
477 437 478
691 743 858
205 210 251
152 153 607
576 342 1013
255 244 256
770 630 783
516 130 742
350 325 351
826 442 970
710 425 864
206 207 208
746 656 972
722 723 797
657 553 719
241 257 417
359 358 749
572 227 795
386 780 781
520 714 715
223 230 795
563 480 564
251 264 811
665 848 917
282 313 484
367 535 807
203 205 809
358 285 814
741 563 1125
559 654 655
431 538 623
406 381 407
702 770 1068
214 773 803
408 407 463
535 470 769
340 339 398
277 275 401
380 406 472
199 203 838
340 399 409
489 420 530
613 50 1081
782 598 1064
471 466 529
312 330 402
371 351 372
794 428 924
868 248 969
206 204 207
805 804 831
607 726 777
405 396 806
302 304 834
410 399 429
331 285 358
447 446 503
380 381 406
257 242 850
77 78 892
201 300 831
584 210 832
644 643 1129
232 215 521
207 204 804
79 80 768
553 518 852
548 37 1133
409 399 410
434 467 468
651 2 689
84 85 507
505 437 794
320 339 340
683 73 725
343 106 1058
534 532 587
543 552 822
209 207 575
591 835 962
793 640 1022
205 206 210
213 209 866
270 256 287
316 755 856
929 491 953
671 512 692
285 277 814
671 839 1048
203 204 205
552 625 697
522 521 664
216 217 218
722 369 723
491 695 953
300 488 831
256 244 771
1 2 651
827 379 828
599 384 922
298 367 807
55 56 1051
459 595 965
298 297 321
951 531 952
433 432 434
21 419 930
834 387 835
210 206 832
202 201 831
304 387 834
298 321 322
1029 528 1173
199 202 203
301 235 439
13 14 520
873 692 874
66 67 785
35 36 800
380 273 381
304 306 387
517 518 519
206 208 832
298 322 367
109 110 868
483 411 786
358 814 960
793 158 1137
251 252 264
701 750 851
738 657 1033
264 265 273
577 102 1146
203 809 838
817 196 1037
242 253 254
224 459 829
300 302 488
429 399 869
179 180 1077
930 419 1056
232 521 522
537 503 859
217 213 866
632 257 633
65 785 1094
52 53 1103
418 862 1153
331 358 359
477 478 479
892 683 1114
812 472 813
408 631 853
462 678 926
533 799 865
296 297 298
417 257 632
100 1020 1100
740 370 1014
15 16 225
216 219 772
578 139 1012
565 608 861
401 275 885
797 723 798
243 211 244
114 547 984
367 469 470
411 412 786
710 803 993
309 315 840
215 216 772
557 558 559
367 322 469
191 193 288
205 204 206
251 210 252
195 197 614
463 407 464
73 74 725
244 211 680
309 314 315
508 310 872
842 569 1034
488 834 897
552 544 625
230 231 234
276 275 277
282 281 299
1002 978 1050
401 885 912
234 238 239
203 202 204
543 544 552
158 159 707
431 429 538
226 223 227
151 152 854
523 536 661
227 223 795
877 523 882
208 209 212
267 295 296
196 817 1171
224 456 459
340 409 887
743 606 1121
305 303 307
850 254 1030
761 690 1140
523 661 882
230 222 231
586 512 671
633 257 850
221 223 226
511 460 579
671 692 839
492 735 1135
588 658 761
911 752 1019
78 531 892
232 523 877
352 727 1105
755 754 941
463 464 486
410 429 430
628 810 1083
209 575 866
269 344 1030
386 385 389
719 553 852
406 407 408
232 522 523
411 357 412
564 643 644
459 594 595
328 385 386
769 470 830
523 522 536
469 322 684
835 387 836
355 323 357
731 623 1107
470 469 593
300 235 301
465 384 599
288 847 870
228 246 421
311 308 364
414 217 866
252 210 584
226 227 228
313 299 326
430 432 433
773 539 993
399 398 869
396 482 806
503 565 859
220 218 829
470 593 830
709 425 710
661 536 662
484 313 765
805 488 897
322 321 846
212 213 215
585 763 1130
264 252 265
517 516 518
341 425 426
472 406 853
219 221 848
573 475 660
300 301 302
296 295 297
341 336 425
199 201 202
565 589 608
575 804 805
315 314 323
304 305 306
201 235 300
177 493 494
519 554 555
529 466 867
274 265 275
302 303 304
832 208 877
197 198 199
733 542 1143
267 296 863
436 428 437
11 12 1015
321 353 846
119 120 190
273 265 274
245 227 572
278 277 285
810 545 1007
132 445 446
401 912 946
195 196 197
575 207 804
701 514 750
334 332 444
201 198 235
320 340 887
294 266 310
456 414 591
832 877 882
459 456 594
555 556 557
479 480 563
503 504 565
364 308 875
249 282 918
424 225 525
820 818 1078
341 426 427
304 303 305
736 850 1030
584 832 882
312 402 823
119 190 191
530 949 1017
84 507 876
252 584 885
41 45 1080
398 400 580
973 656 1135
789 787 900
335 337 338
47 686 880
305 307 875
813 472 853
189 752 1136
606 454 833
302 301 303
433 434 435
274 275 276
193 194 195
194 192 237
723 369 845
668 667 669
851 750 926
684 322 846
808 535 1099
191 192 193
132 133 445
799 798 1026
387 306 840
390 342 576
199 198 201
448 361 881
772 219 848
891 655 1060
306 305 308
795 778 914
625 626 712
242 239 253
221 226 848
212 232 877
248 111 981
197 196 198
930 1056 1149
434 468 849
1014 638 1036
427 426 428
491 403 695
160 161 901
15 225 424
617 171 899
286 285 331
482 714 1004
156 157 449
284 318 319
212 215 232
409 583 887
276 277 278
436 437 477
63 64 233
443 757 758
171 172 899
449 157 793
365 422 453
845 369 887
337 336 341
588 587 658
435 434 849
438 566 605
282 484 918
833 551 937
502 728 942
383 327 384
600 487 764
244 680 771
195 194 196
297 295 857
727 502 942
611 448 634
410 430 893
402 330 827
791 669 1123
398 339 400
625 544 626
224 414 456
406 408 853
749 593 1067
583 845 887
275 265 885
465 599 886
265 252 885
854 603 990
319 320 369
287 256 771
381 273 843
338 337 361
208 212 877
426 425 709
577 757 1020
688 735 736
862 1007 1153
747 590 1044
728 729 1106
551 833 938
110 248 868
185 913 1071
321 349 353
193 192 194
436 477 506
836 387 840
191 190 192
59 60 871
286 331 332
214 821 992
335 334 336
398 580 869
258 98 260
714 694 1004
224 217 414
421 808 1063
640 639 1022
382 921 1003
333 819 896
538 429 869
37 38 1133
101 577 1020
273 274 843
425 336 864
338 361 377
320 318 339
837 790 1167
334 444 864
544 526 821
550 435 551
218 217 224
503 446 504
263 796 1174
23 732 1120
430 433 893
883 884 1116
409 410 582
912 661 946
634 448 881
306 308 309
270 287 312
336 334 864
328 383 385
825 402 827
270 312 823
759 455 1115
784 501 1018
785 1055 1057
222 220 910
321 297 349
278 285 286
580 759 979
228 245 246
580 581 759
331 359 928
274 276 279
660 987 1057
294 310 324
427 428 436
543 822 906
760 585 1130
466 611 867
375 440 441
824 402 825
375 441 883
218 224 829
7 11 1015
333 332 334
507 1036 1076
308 305 875
324 325 350
546 542 1164
415 416 532
859 565 861
575 805 923
517 519 941
319 318 320
625 712 943
330 379 827
228 227 245
220 829 910
306 309 840
239 238 878
249 229 250
328 327 383
885 584 912
883 441 884
228 421 917
630 5 1027
623 538 724
335 336 337
588 761 1140
611 634 763
272 260 356
271 270 823
246 267 863
246 266 267
254 253 268
396 481 482
582 410 893
234 231 238
400 339 950
38 454 606
85 86 934
255 256 261
627 638 815
590 751 1044
417 632 642
426 709 924
803 773 993
286 332 333
289 375 883
498 720 972
729 613 920
543 526 544
309 308 311
267 294 295
261 270 271
407 381 916
278 286 896
882 661 912
565 504 589
421 246 863
397 176 1010
353 393 396
161 162 901
444 332 928
333 334 335
881 361 888
243 244 255
231 222 910
603 777 1084
350 351 371
190 120 376
254 268 269
433 435 550
326 363 415
341 427 888
520 715 1089
192 190 925
377 448 466
258 260 272
274 279 843
165 166 1059
249 250 281
462 568 678
651 689 1071
337 341 888
498 972 973
400 950 976
81 249 918
272 460 461
669 791 902
409 582 583
238 645 646
226 228 917
529 867 903
292 290 327
446 445 907
1145 775 1157
779 842 1034
377 361 448
648 989 1094
572 795 914
567 756 1066
81 229 249
309 311 314
292 327 328
910 829 965
314 311 345
515 516 517
357 323 418
408 562 631
880 39 933
815 711 935
76 77 1114
699 700 1078
466 448 611
606 833 937
486 464 527
433 550 893
464 407 916
238 646 878
369 320 887
438 384 465
580 400 581
371 372 391
626 544 821
936 713 1184
238 231 645
817 439 1171
312 329 330
659 806 1004
907 445 908
424 525 659
510 247 574
301 439 994
776 485 1001
609 903 982
970 576 1113
874 692 1131
726 1062 1074
140 141 1160
551 435 937
690 761 762
824 825 826
566 465 567
484 765 766
688 687 735
383 384 438
527 464 619
482 481 561
272 356 460
525 225 526
552 697 1158
900 787 963
461 460 511
474 476 610
668 669 776
568 489 569
507 85 934
715 1015 1089
97 258 259
567 465 886
442 826 948
1037 237 1109
330 378 379
361 337 888
481 393 501
958 392 1068
497 389 500
307 303 994
269 290 292
557 559 560
428 426 924
814 401 946
848 226 917
806 659 906
505 794 1041
504 446 907
259 258 905
587 532 865
664 665 1063
72 683 1119
349 297 857
529 1002 1050
699 619 700
589 504 704
253 239 878
1125 644 1184
453 894 919
141 628 1160
442 443 970
823 402 824
479 563 1069
456 591 962
680 25 705
461 511 513
697 625 943
458 174 1084
591 414 923
493 200 498
190 376 925
559 655 889
525 526 543
295 294 915
237 192 925
260 98 898
654 730 1052
438 465 566
1012 139 1160
550 551 1105
284 317 318
186 187 913
138 578 1095
183 791 1122
584 882 912
500 512 586
156 449 841
815 638 1014
1015 12 1089
604 624 627
21 930 1127
499 495 540
566 567 752
733 189 1136
712 626 909
965 595 1006
938 833 1091
12 13 1089
500 586 653
645 231 910
632 633 929
513 511 514
866 575 923
70 382 1003
655 654 1005
901 162 1059
605 566 911
246 245 266
453 422 894
627 624 638
159 160 961
735 687 1135
525 543 906
599 900 963
416 363 570
184 185 1071
439 235 1171
683 892 1119
353 349 393
286 333 896
415 363 416
290 268 291
532 416 533
777 603 1154
597 126 1049
568 569 681
381 843 916
889 655 891
602 259 616
312 287 329
384 327 922
735 492 1177
289 883 964
29 940 1023
692 512 1131
332 331 928
527 619 699
484 767 918
649 450 977
788 789 1172
787 786 963
513 514 571
497 986 1032
619 464 916
775 561 1141
605 874 1075
81 82 229
749 358 960
583 582 942
267 266 294
616 259 905
519 555 941
857 295 915
484 766 767
258 272 905
422 423 473
745 32 1148
678 851 926
284 283 317
789 959 1102
365 453 956
1033 657 1110
269 268 290
681 569 939
661 662 946
754 517 941
38 606 1133
571 514 701
214 17 773
422 473 894
476 475 573
436 506 966
378 329 420
571 701 1156
652 1054 1079
374 450 452
621 573 921
645 910 965
236 243 247
152 607 1154
158 707 1137
236 211 243
635 876 1097
396 393 481
453 919 1104
294 324 915
276 278 904
330 329 378
462 420 489
515 517 754
486 527 528
914 642 974
598 540 687
424 659 694
860 859 1166
500 389 512
452 450 649
6 775 1027
168 169 1045
339 318 950
279 276 904
598 688 1064
326 299 363
532 533 865
263 283 284
5 6 1027
39 40 933
598 687 688
474 423 475
856 597 1049
659 525 906
441 440 936
829 459 965
50 51 955
510 574 944
272 461 905
888 427 966
903 867 982
820 700 1142
435 849 937
629 968 1087
615 510 747
462 489 568
166 901 1059
24 211 236
713 936 1144
289 271 342
854 152 1154
327 290 922
414 866 923
501 393 1018
642 632 953
278 896 904
102 103 957
747 510 944
620 592 1032
704 504 907
378 420 462
471 1050 1078
16 214 992
391 372 1011
443 758 970
97 259 601
542 142 1143
666 667 668
375 342 390
32 33 1148
473 423 474
438 605 1075
576 1013 1113
236 247 509
602 616 801
494 493 495
440 487 524
375 390 440
524 487 600
440 390 487
350 371 392
261 271 289
289 342 375
142 143 1143
499 540 598
474 475 476
753 623 1088
798 723 1106
563 564 1125
509 247 510
365 366 422
345 311 967
317 283 457
450 746 977
615 747 748
604 457 624
49 352 998
408 463 562
600 957 980
469 684 1108
566 752 911
560 559 889
175 397 603
785 1057 1094
538 869 979
586 671 954
531 951 968
611 763 969
196 194 1037
346 233 347
317 457 604
864 444 1061
476 573 621
287 771 949
496 495 499
791 674 902
198 196 1171
675 34 1118
594 456 962
250 229 262
680 705 1017
497 500 986
881 888 966
886 599 963
283 262 1025
121 122 1000
102 957 1146
574 247 945
826 825 948
806 482 1004
672 984 1029
189 145 1019
54 55 676
99 100 1100
318 317 950
632 929 953
581 400 976
1016 181 1123
545 716 1007
389 385 1131
128 129 1138
366 348 648
707 159 1124
385 383 1075
314 345 997
422 366 423
290 291 922
509 510 615
452 650 666
494 495 496
569 489 1034
867 611 969
263 262 283
167 168 1124
418 323 997
601 602 731
100 101 1020
921 573 999
311 364 967
347 233 348
872 572 974
603 854 1154
776 669 902
917 421 1063
427 436 966
601 259 602
357 418 988
724 538 979
963 786 1008
63 233 346
658 587 947
187 0 995
477 479 1093
916 843 996
587 865 947
77 892 1114
229 82 879
443 682 757
560 889 890
225 16 992
796 895 1174
444 909 1061
676 55 677
177 178 200
474 610 1047
950 604 976
756 1008 1147
97 98 258
317 604 950
440 524 936
153 154 1180
646 645 1006
972 656 973
445 133 1065
698 713 1144
174 175 1084
1076 624 1097
442 394 443
675 745 1148
1030 344 1111
610 951 952
604 627 976
909 1042 1061
953 695 991
347 348 365
967 860 1166
177 494 1009
1025 635 1097
932 954 985
420 329 949
869 580 979
303 301 994
709 710 993
412 357 988
356 394 442
27 28 1023
388 123 1117
248 981 982
1027 775 1141
653 586 932
175 603 1084
154 841 1180
463 486 1024
347 365 956
756 718 1066
372 374 1011
771 680 1017
22 23 1120
672 113 984
247 243 945
666 650 667
522 664 1161
786 412 1008
727 942 1096
243 255 945
356 260 394
496 499 592
709 993 1155
670 588 1140
573 660 999
441 936 1129
541 703 1001
1071 689 1169
801 753 1088
250 262 263
999 660 1055
291 268 959
932 586 954
452 649 650
700 619 996
748 792 1056
365 348 366
775 7 1157
346 347 360
818 471 1078
770 784 1068
323 314 997
443 394 682
759 581 1134
886 963 1008
601 731 975
268 253 959
126 127 1049
706 93 1162
364 875 1110
913 187 995
837 594 1179
253 878 959
111 112 981
45 46 1080
619 916 996
710 864 1061
637 19 1127
665 917 1063
329 287 949
475 423 987
915 324 958
68 69 1151
704 1012 1083
679 708 1069
562 463 1024
696 693 1040
281 895 1168
324 350 958
382 629 1087
233 64 989
540 495 1090
581 935 1134
942 582 1096
764 577 1146
993 539 1155
163 165 1059
645 965 1006
572 914 974
610 476 951
966 506 1039
133 663 1065
595 790 1126
689 1101 1169
603 397 990
500 653 986
650 649 734
471 529 1050
255 261 964
570 363 1168
858 468 1046
975 731 1107
717 756 1147
826 970 1113
929 633 1177
626 821 1042
895 281 1174
726 673 1062
127 316 1049
342 271 1013
733 1136 1164
642 953 991
350 392 958
159 961 1124
789 1102 1172
200 451 720
557 560 1043
487 390 1021
949 771 1017
843 279 996
24 236 931
640 793 1137
780 497 1032
468 685 1046
125 597 1128
930 637 1127
899 458 1074
903 672 1002
191 288 1082
1 651 995
974 642 991
261 289 964
925 376 1005
783 630 1027
449 793 1022
371 391 971
1010 1009 1132
151 932 985
485 902 1101
623 724 1107
93 94 1162
810 589 1083
792 505 1041
262 879 1025
602 801 1088
656 492 1135
360 347 956
123 124 1117
941 555 1043
610 952 1053
529 903 1002
374 452 1011
139 140 1160
969 248 982
893 550 1096
816 817 1109
790 595 1167
694 659 1004
527 699 978
392 371 971
56 490 1051
188 693 696
715 1145 1157
637 930 1149
895 570 1168
489 530 1034
867 969 982
526 225 992
194 237 1037
393 349 1018
673 153 1180
79 768 1170
1040 844 1079
509 615 732
53 54 1103
768 767 1170
666 668 1178
876 1076 1097
979 759 1115
349 857 1018
254 269 1030
841 449 1072
1062 673 1072
1017 705 1175
390 576 1021
821 526 992
299 281 1168
648 348 989
676 677 955
945 255 964
741 343 1058
498 200 720
730 816 1109
188 696 1028
568 681 1186
281 250 1174
881 966 1039
790 788 1126
476 621 951
452 666 1011
528 527 978
984 547 1029
657 719 1110
535 769 1099
615 748 1038
94 455 1162
785 67 1055
149 150 362
681 1118 1159
876 507 1076
729 920 1026
830 662 1181
316 856 1049
600 764 1146
594 837 1167
1012 628 1083
486 528 1152
647 911 1019
1008 412 1147
743 548 1133
366 648 987
697 943 1067
856 755 1150
631 562 1079
423 366 987
973 540 1090
271 823 1013
119 191 1082
670 1031 1104
394 260 898
507 934 1036
762 61 1086
562 1040 1079
129 515 1138
555 557 1043
870 631 1054
909 626 1042
823 824 1013
634 881 1039
612 360 690
890 856 1150
721 121 1000
677 55 1051
908 445 1065
137 138 1095
891 388 1073
1055 660 1057
620 1010 1132
13 520 1089
236 509 931
1032 986 1112
951 621 968
957 600 1146
981 609 982
634 1039 1130
683 725 1114
767 766 1053
124 125 1128
176 1009 1010
498 973 1090
861 345 1166
752 1066 1136
653 990 1139
262 229 879
1043 560 1150
833 454 1091
959 878 1102
46 933 1080
723 845 1106
547 1028 1029
383 438 1075
669 667 1123
755 941 1043
799 1026 1035
473 474 1047
612 690 762
667 650 1016
752 567 1066
457 283 1025
890 889 1073
237 925 1052
651 913 995
641 68 1151
594 962 1179
624 457 1097
695 855 1176
952 79 1170
506 477 1093
593 469 1108
927 890 1073
740 1014 1036
649 977 1098
473 1047 1165
822 552 1158
578 908 1095
35 800 1159
748 747 1044
688 736 1111
986 653 1139
1031 670 1140
496 592 620
936 524 1144
1129 936 1184
690 360 1031
19 20 1127
664 1099 1161
182 183 1122
536 522 1161
607 777 1154
638 624 1076
495 493 1090
376 120 721
1007 716 1153
493 498 1090
915 958 1182
1018 857 1182
582 893 1096
512 389 1131
279 904 1142
933 40 1080
513 571 1163
348 233 989
346 360 612
200 178 451
539 636 1155
646 1006 1172
368 975 1107
769 830 1181
24 25 211
235 198 1171
889 891 1073
650 734 1016
715 714 1145
682 394 898
551 938 1105
991 695 1176
509 732 931
662 536 1181
718 546 1164
859 861 1166
658 871 1185
360 956 1031
763 634 1130
691 858 1156
536 1161 1181
978 1002 1173
925 1005 1052
681 1159 1186
924 709 1155
528 978 1173
878 646 1102
530 1017 1175
904 820 1142
589 704 1083
731 602 1088
824 826 1113
560 890 1150
939 675 1118
1046 571 1156
732 615 1038
920 613 1081
1161 769 1181
362 150 985
562 1024 1040
987 648 1057
564 644 1125
964 883 1116
606 937 1121
595 594 1167
345 967 1166
697 1067 1108
1013 824 1113
1053 952 1170
968 621 1087
732 1038 1120
761 658 1185
884 441 1129
672 1029 1173
913 651 1071
871 60 1185
783 1027 1141
617 899 1074
879 635 1025
1034 530 1175
956 453 1104
667 1016 1123
655 1005 1060
621 921 1087
515 754 1138
681 939 1118
954 362 985
597 927 1128
388 927 1073
1006 1126 1172
1002 672 1173
983 513 1163
549 851 1183
1038 419 1120
784 1018 1182
937 849 1121
841 1072 1180
1038 748 1056
978 699 1050
115 188 547
115 116 188
851 678 1183
755 1043 1150
1010 1112 1139
571 1046 1163
449 1022 1072
996 279 1142
927 388 1117
63 346 1085
1041 637 1149
1054 631 1079
700 996 1142
668 1070 1178
1024 696 1040
574 945 1116
636 924 1155
674 184 1169
817 1037 1109
1005 376 1060
921 382 1087
250 263 1174
1136 718 1164
902 674 1101
1067 593 1108
1015 715 1157
724 979 1115
363 299 1168
391 1011 1178
961 167 1124
1054 652 1082
685 983 1163
678 568 1186
977 720 1098
1006 595 1126
792 1041 1149
1003 641 1151
419 1038 1056
1005 654 1052
945 964 1116
1024 486 1152
736 1030 1111
1101 674 1169
779 1034 1175
894 473 1165
1057 648 1094
857 915 1182
54 676 1103
1056 792 1149
412 988 1147
188 116 693
1064 688 1111
1046 685 1163
1045 640 1137
547 188 1028
7 1015 1157
1010 620 1112
508 991 1176
707 1045 1137
720 451 1098
990 397 1139
1065 663 1092
457 1025 1097
494 496 1132
858 1046 1156
620 1032 1112
1031 956 1104
62 1085 1086
1072 673 1180
696 1024 1152
682 898 1100
344 1064 1111
988 717 1147
397 1010 1139
1117 124 1128
184 1071 1169
496 620 1132
1183 678 1186
612 762 1086
628 1012 1160
644 1129 1184
376 721 1060
927 1117 1128
1066 718 1136
767 1053 1170
1159 800 1186
346 612 1085
690 1031 1140
1070 391 1178
1112 986 1139
800 1183 1186
1009 494 1132
1085 612 1086
1028 696 1152
1126 788 1172
1099 769 1161
1102 646 1172
1011 666 1178
28 29 1023
31 32 30
80 81 768
113 114 984
150 151 985
14 15 424
14 424 694
23 24 931
65 66 785
96 97 975
97 601 975
131 132 742
