8 68 7
71 99 60
6 64 5
35 33 34
46 82 45
22 76 21
23 76 22
44 88 38
18 72 17
60 92 71
13 55 12
4 108 3
83 96 74
75 85 49
61 85 75
33 112 95
73 75 49
70 110 69
66 83 74
55 73 12
65 98 72
72 98 16
75 91 61
38 104 44
65 72 20
49 85 9
56 105 77
42 101 39
35 112 33
87 89 63
2 59 1
80 84 56
5 64 60
36 110 70
15 81 14
66 81 65
23 109 76
7 68 6
14 55 13
56 84 48
26 89 87
30 105 56
9 93 68
60 99 67
85 93 9
17 72 16
89 103 63
6 103 89
14 106 55
29 71 28
74 75 73
69 94 70
33 77 32
81 106 14
43 101 42
92 107 71
30 48 29
51 88 44
32 105 31
81 98 65
48 71 29
10 49 9
1 82 46
50 82 78
28 107 27
33 95 77
45 82 50
30 56 48
55 74 73
59 78 1
38 88 37
75 96 91
36 112 35
2 108 59
59 79 78
54 61 24
64 92 60
50 78 52
56 86 80
18 100 72
60 67 4
57 96 83
47 66 65
27 97 26
72 100 20
21 47 20
26 97 89
3 108 2
5 60 4
84 111 67
77 86 56
45 50 44
58 80 53
68 103 6
31 105 30
47 65 20
6 89 64
47 83 66
67 90 4
78 79 52
52 58 53
86 94 80
54 62 61
69 88 51
58 84 80
77 95 86
52 79 58
78 82 1
49 102 73
39 101 38
53 69 51
91 96 57
74 106 66
62 85 61
67 99 84
37 110 36
61 91 24
73 102 12
52 53 51
25 54 24
21 76 47
70 112 36
57 109 23
19 100 18
59 90 79
58 111 84
53 94 69
74 96 75
71 107 28
90 108 4
76 83 47
50 51 44
77 105 32
101 104 38
54 63 62
50 52 51
48 99 71
10 102 49
16 98 15
80 94 53
15 98 81
70 94 86
67 111 90
66 106 81
64 97 92
55 106 74
84 99 48
86 95 70
83 109 57
62 93 85
25 87 54
93 103 68
90 111 79
62 103 93
89 97 64
79 111 58
54 87 63
92 97 27
59 108 90
63 103 62
76 109 83
69 110 88
95 112 70
27 107 92
88 110 37
43 104 101
20 100 19
26 87 25
44 104 43
46 0 1
9 68 8
12 10 11
12 102 10
24 57 23
24 91 57
42 39 40
42 40 41
