1.706886168074509769e+05 2.265651817528728861e+05
2.467539999158916762e+05 2.660945803999209311e+05
2.341227145991269208e+05 3.275951192203206010e+05
2.528261112658970524e+05 3.726448949394861702e+05
3.245855886359371943e+05 3.953429973089456325e+05
3.192409147362047806e+05 4.598233749479341786e+05
3.046839956790794386e+05 5.471545501062198309e+05
2.467125200978381617e+05 5.322401863971202401e+05
1.982165071186038258e+05 5.531308701710860478e+05
2.299370540067855909e+05 6.332617729037072277e+05
1.934089190807524428e+05 6.577731339498973684e+05
1.632003231172070082e+05 6.263071803777210880e+05
1.752296835119698662e+05 7.128735245191733120e+05
1.575084622764182568e+05 7.469307149980474496e+05
1.673869384839373233e+05 7.996007545600535814e+05
1.755408281048739736e+05 8.617351897895210423e+05
2.008150330338755739e+05 9.062360391271039844e+05
2.162134910310179112e+05 9.616161416219433304e+05
2.890535213680036832e+05 9.681095352448554477e+05
3.381805904985068482e+05 9.453918475194477942e+05
2.969986582881824579e+05 8.876517116416454082e+05
3.377116710719148396e+05 8.667681118443590822e+05
4.161551899468562915e+05 8.453797793029687600e+05
3.761009021329890820e+05 7.614270614654845558e+05
3.431963756704324041e+05 6.997138820279701613e+05
3.735925243525585975e+05 6.792481381288201082e+05
4.277578546746571665e+05 6.095506399706954835e+05
4.644424598897752585e+05 5.259654546608665260e+05
5.227057167151211179e+05 4.665262502479885588e+05
5.395836705706714420e+05 4.055811066881169681e+05
5.617926775676888647e+05 3.359111025613222737e+05
6.480700584040561225e+05 3.251773146045224275e+05
6.344443259926741011e+05 2.351973053814944869e+05
5.919800303549369564e+05 1.803227203809595376e+05
6.347176536733561661e+05 1.388704317197524360e+05
5.579760423492912669e+05 9.354796887788696040e+04
4.657891603955012397e+05 9.642501104575740464e+04
3.895019954534325516e+05 7.707094155275834783e+04
3.165721301431599422e+05 8.523736264627348282e+04
2.624536776132400264e+05 4.352916759071552224e+04
1.895232701809983992e+05 3.282341507331954199e+04
1.331564923556742142e+05 2.726604951943927517e+04
1.947454332216139010e+05 8.264975891811953625e+04
2.423893506910015130e+05 1.443871806042814278e+05
3.257519002281659050e+05 1.600115163611118041e+05
2.842427934793223394e+05 1.743775207536965318e+05
2.219158399546827713e+05 2.052633801799997163e+05
2.988466434428816428e+05 8.409329741409954149e+05
4.944814495103938971e+05 3.564242697053320007e+05
2.318258611944294535e+05 6.795386992305235472e+05
3.156908195948270732e+05 2.061445831947764382e+05
3.642629126077489927e+05 1.869387889418292616e+05
3.538470363721475005e+05 2.400279062044168822e+05
4.061365654700817540e+05 2.234015654525407008e+05
3.388589222338889958e+05 6.604664377355548786e+05
1.997472046864557196e+05 7.561238079600518104e+05
5.188739106951007270e+05 2.901850221993977320e+05
3.255747702141272021e+05 7.516330216144301230e+05
3.952656173132942058e+05 2.763611913586881710e+05
2.889872476618586225e+05 3.050794067694707774e+05
3.892502537098226603e+05 4.293125288506203215e+05
3.066196399095782544e+05 6.838927804028448882e+05
3.026808730822908692e+05 6.436838251310462365e+05
3.357947358496532543e+05 6.184733799294311320e+05
3.662484123908706824e+05 5.071443956570985611e+05
2.568925466843147296e+05 8.627523326785301324e+05
2.590315575254090072e+05 8.135432211115997052e+05
3.845793561317094718e+05 3.655974013714076718e+05
2.613769556904674391e+05 5.856467834010904189e+05
4.175892477731922409e+05 1.722010192071452911e+05
4.762932015467644669e+05 1.613780374582832155e+05
4.729309644418437965e+05 4.169120946721507353e+05
2.533287487886598683e+05 9.178795046402669977e+05
2.209043230387564981e+05 7.200880713194601703e+05
2.514663066388860752e+05 7.640157928511300124e+05
2.681180662564354716e+05 7.165739472763055237e+05
3.443549362944146851e+05 8.156319184441748075e+05
5.676013516817898490e+05 2.376732486214902601e+05
3.022807566676612478e+05 2.549621437897035503e+05
3.403833474944107584e+05 2.900152409616341465e+05
4.536961905762878014e+05 2.595761269977932679e+05
2.171347649444344279e+05 8.330471878571787383e+05
2.679359645210712915e+05 2.198008238291494781e+05
2.997518411799923051e+05 7.887515763445250923e+05
4.373312569400309585e+05 3.205876673232587636e+05
2.709154628331855638e+05 6.675701893105077324e+05
5.049211202415302396e+05 2.232767562739715213e+05
3.685957273955406854e+05 6.296223381575753447e+05
3.713149279490699410e+05 1.290621354898366699e+05
3.590347732969539356e+05 5.805031898876243504e+05
3.333031944026321289e+05 3.373551345264745178e+05
3.053483509709689533e+05 7.206496869672420435e+05
4.201801322845054674e+05 4.799379485848954064e+05
2.728431623280678177e+05 6.267575861705130665e+05
4.517272651215712540e+05 2.079667010779468110e+05
5.329883182558048284e+05 1.868670396504942037e+05
2.900518670520820306e+05 7.483248050107265590e+05
4.075327265073525487e+05 5.406203257522361819e+05
2.161434336648015887e+05 8.681026399376551853e+05
4.357146561467600986e+05 3.777667923845538753e+05
2.943903797358382144e+05 9.297581497615537373e+05
2.456574623551332916e+05 9.261255819134876947e+04
2.053421967064770579e+05 6.925683572547635995e+05
3.060690826544187148e+05 6.003698857709874865e+05
2.825927108543651411e+05 1.205621544507538783e+05
5.964601561671348754e+05 2.898365876205677632e+05
2.189533544558245339e+05 7.932661528680028860e+05
4.708587089695907780e+05 4.687660700467923307e+05
2.867649713130903547e+05 3.476035105529394932e+05
3.364456124553807895e+05 7.793608944671535864e+05
4.240977066235920647e+05 1.272274289507561916e+05
3.781725544564155280e+05 3.179833271082926076e+05
5.247597896871862467e+05 1.402728069212734699e+05
