86 87 280
16 17 319
46 47 321
232 177 236
155 64 214
119 46 321
88 97 212
97 125 212
82 83 81
167 275 278
133 262 270
25 27 291
230 235 274
177 90 236
171 123 184
217 212 221
2 3 150
30 178 310
60 208 323
215 259 312
199 131 244
75 76 217
41 42 265
77 78 168
29 123 171
211 76 280
230 219 235
159 217 221
262 133 324
131 199 225
275 276 278
179 51 227
60 61 208
76 211 338
150 3 181
87 88 211
220 119 254
71 192 309
148 209 294
58 94 318
35 264 336
212 125 221
205 213 345
155 214 300
174 234 295
297 137 343
240 293 307
208 155 290
32 152 178
202 46 326
201 278 291
92 1 257
50 51 179
94 59 223
206 231 252
64 65 214
216 6 243
168 78 263
63 64 155
213 205 299
95 9 304
236 91 257
137 297 308
113 57 329
32 151 152
27 28 291
32 33 151
28 29 171
209 148 267
23 24 210
91 92 257
52 193 227
34 35 336
178 152 185
211 88 212
184 261 277
119 220 281
18 19 219
276 174 295
145 146 166
176 150 229
6 7 243
181 3 216
260 189 300
45 46 202
293 240 330
181 216 243
35 215 264
37 38 259
36 37 259
293 146 307
49 50 179
161 189 260
131 8 244
70 71 309
1 2 257
205 204 206
35 36 215
140 204 205
140 72 204
8 95 244
237 198 286
52 53 193
182 287 334
145 54 146
76 168 280
227 193 228
215 36 259
182 181 287
206 204 207
208 61 292
49 179 251
191 220 254
150 182 229
140 205 345
81 83 80
184 277 303
155 208 292
201 184 303
51 52 227
179 227 315
206 207 231
271 179 315
182 226 262
239 233 242
145 166 186
132 239 242
76 77 168
234 210 295
204 72 347
218 124 250
270 262 298
71 140 192
11 12 286
275 167 313
71 72 140
117 122 241
2 150 176
228 297 343
132 117 241
72 73 347
221 125 344
212 217 338
90 91 236
226 182 334
53 54 145
198 11 286
278 25 291
220 191 313
166 146 311
129 120 233
14 15 203
201 303 349
13 14 305
1 92 331
219 173 235
244 95 269
125 231 344
69 224 285
153 175 180
224 69 309
233 120 242
152 158 284
68 69 285
40 124 218
252 231 301
83 84 341
239 132 266
196 162 197
162 129 233
94 223 255
230 274 314
150 181 182
171 184 201
132 241 266
158 264 320
184 123 261
122 153 241
190 230 314
61 62 292
176 229 232
194 165 249
24 25 295
188 165 194
7 8 131
171 201 291
56 113 240
206 252 322
153 180 241
66 67 285
40 41 124
188 194 195
197 162 233
74 75 159
205 206 322
185 261 310
197 233 239
29 30 123
177 232 288
115 132 242
73 74 302
202 273 348
110 144 156
161 129 162
78 79 263
107 106 108
111 108 115
139 138 187
149 134 169
248 205 322
189 162 196
115 117 132
55 56 240
225 200 226
107 108 111
229 182 262
45 202 348
124 170 250
149 169 220
65 66 96
105 106 107
111 115 242
146 293 311
42 43 273
240 113 330
276 25 278
105 104 106
327 79 341
231 125 301
113 272 330
158 250 284
120 111 242
115 108 116
18 219 230
0 1 331
194 249 269
74 159 302
59 60 223
84 85 327
264 215 320
122 142 153
48 49 110
254 119 321
114 111 120
108 106 245
3 4 216
128 120 129
124 126 170
234 174 316
94 255 279
249 172 269
153 164 175
193 53 342
107 111 114
214 260 300
157 144 173
226 200 282
219 19 316
7 131 243
39 40 218
115 116 117
117 116 121
141 172 249
85 86 246
103 104 105
246 168 263
152 151 158
239 266 268
122 121 141
174 173 316
106 104 112
114 120 128
47 48 253
136 138 139
141 154 172
116 108 245
156 191 254
110 156 253
124 41 126
53 145 342
54 55 307
159 75 217
141 121 154
110 143 144
20 23 210
200 154 256
136 135 138
105 107 247
103 102 104
106 112 245
160 129 161
192 140 345
128 129 160
253 156 254
65 96 214
48 110 253
139 315 343
117 121 122
161 162 189
96 66 148
69 70 309
122 141 142
266 255 268
107 114 247
183 165 188
173 144 235
255 180 279
199 154 200
269 95 296
156 157 191
17 18 306
199 200 225
131 225 287
153 142 164
101 102 103
197 239 268
142 141 249
176 232 236
126 41 127
164 142 165
159 221 333
101 103 252
147 134 149
173 219 316
12 13 135
103 105 118
63 155 292
210 24 295
165 142 249
92 93 331
104 102 270
143 49 251
156 144 157
130 127 134
241 180 266
110 49 143
138 135 190
290 155 300
121 116 256
31 32 178
172 154 199
12 136 137
101 100 102
144 143 235
157 173 174
164 165 183
230 190 306
259 39 312
134 127 238
163 160 209
214 96 260
154 121 256
44 45 348
128 160 163
180 255 266
79 80 341
118 105 247
123 30 310
196 197 283
149 220 313
281 325 326
116 245 256
261 123 310
172 199 244
263 79 327
194 269 296
126 127 130
169 134 238
186 166 335
99 100 101
226 282 298
286 137 308
147 149 167
246 263 327
103 118 252
114 128 258
12 135 136
172 244 269
255 223 268
2 176 257
130 134 147
112 104 270
277 261 332
163 209 213
80 83 341
180 175 279
205 248 299
247 114 258
118 247 248
46 119 326
175 164 272
223 60 283
97 99 125
288 232 324
85 246 327
222 198 237
176 236 257
272 113 289
170 126 277
96 148 294
25 276 295
229 262 324
237 286 308
170 277 332
138 190 314
315 228 343
101 252 301
28 171 291
228 193 297
200 256 282
185 152 284
102 100 133
168 246 280
128 163 258
148 66 224
319 17 337
181 243 287
9 10 109
256 245 282
217 76 338
99 98 100
175 272 289
12 137 286
67 68 285
251 187 274
235 143 274
220 169 281
273 202 328
191 157 275
248 247 258
143 251 274
202 325 328
245 112 282
195 194 296
312 218 320
146 54 307
19 20 210
19 210 234
102 133 270
303 147 349
215 312 320
14 203 305
191 275 313
213 209 267
227 228 315
62 63 292
97 98 99
164 183 272
209 160 339
196 283 323
268 223 283
274 187 314
19 234 316
250 170 284
187 251 271
158 151 264
203 319 337
283 60 323
243 131 287
127 41 265
253 254 321
97 89 98
43 44 348
186 237 308
251 179 271
87 211 280
139 187 271
275 174 276
237 186 335
33 34 336
126 130 277
258 163 299
231 207 344
189 196 290
232 229 324
157 174 275
248 258 299
84 327 341
218 250 320
109 198 222
183 188 293
260 96 294
99 101 301
187 138 314
252 118 322
282 112 298
125 99 301
133 288 324
197 268 283
273 43 348
261 185 332
55 240 307
136 139 343
262 226 298
130 147 303
178 185 310
224 66 285
98 89 177
293 188 311
189 290 300
109 222 317
279 175 289
207 204 347
145 186 342
222 237 335
163 213 299
135 13 305
188 195 311
112 270 298
18 230 306
100 98 288
238 127 265
325 202 326
133 100 288
190 135 305
109 10 198
294 209 339
278 201 349
225 226 334
39 218 312
281 169 325
151 33 336
167 149 313
161 260 339
47 253 321
9 109 304
213 267 345
250 158 320
167 278 349
93 0 331
183 293 330
279 289 318
17 306 337
290 196 323
267 192 345
88 89 97
203 15 319
94 279 318
118 248 322
160 161 339
277 130 303
15 16 319
192 267 346
42 273 328
317 222 340
309 192 346
195 317 340
297 186 308
186 297 342
169 238 325
98 177 288
147 167 349
287 225 334
296 95 304
137 136 343
119 281 326
195 296 317
139 271 315
264 151 336
207 302 333
284 170 332
272 183 330
302 159 333
296 304 317
58 318 329
211 212 338
208 290 323
304 109 317
260 294 339
224 309 346
267 148 346
289 113 329
265 42 328
207 333 344
148 224 346
185 284 332
325 238 328
238 265 328
57 58 329
318 289 329
190 305 337
311 195 340
302 207 347
297 193 342
222 335 340
306 190 337
335 166 340
305 203 337
166 311 340
333 221 344
73 302 347
38 39 259
4 5 216
5 6 216
8 9 95
10 11 198
21 22 20
22 23 20
26 27 25
30 31 178
56 57 113
58 59 94
246 86 280
89 90 177
