1.706886168074509769e+05 2.265651817528728861e+05
1.869972471555376542e+05 2.404482232394406456e+05
2.054671070426784281e+05 2.451368898966343259e+05
2.261814928891367745e+05 2.537195443139950512e+05
2.467539999158916762e+05 2.660945803999209311e+05
2.581431201528834063e+05 2.879600817915681982e+05
2.569602416890119493e+05 3.106445292335752165e+05
2.533848920477292850e+05 3.327814108224303927e+05
2.341227145991269208e+05 3.275951192203206010e+05
2.177150292081317457e+05 3.232933706004491542e+05
2.213060030160814931e+05 3.390459968317757011e+05
2.403154409856605052e+05 3.528693442956749350e+05
2.528261112658970524e+05 3.726448949394861702e+05
2.733702952333951253e+05 3.805871477944834623e+05
2.910776811132364674e+05 3.806253065513511538e+05
3.142853885638723732e+05 3.869257767648510053e+05
3.245855886359371943e+05 3.953429973089456325e+05
3.263136759867254877e+05 4.145592431640672730e+05
3.283354034041223931e+05 4.386159466804323602e+05
3.360194107449188596e+05 4.584816990692879772e+05
3.192409147362047806e+05 4.598233749479341786e+05
3.086829018228637869e+05 4.819759489678351092e+05
2.981141479750773287e+05 5.042258173035217915e+05
2.959546078755870694e+05 5.263294987829583697e+05
3.046839956790794386e+05 5.471545501062198309e+05
2.986724271405577892e+05 5.519987479207108263e+05
2.771518867686013691e+05 5.434786139707495458e+05
2.559873422135672008e+05 5.478970208437447436e+05
2.467125200978381617e+05 5.322401863971202401e+05
2.277830965699095395e+05 5.467537803364888532e+05
2.142651068639089935e+05 5.414930803534353618e+05
2.079593919255257933e+05 5.321248950298703276e+05
1.982165071186038258e+05 5.531308701710860478e+05
1.986248248270119366e+05 5.749550618172569666e+05
2.122988799344116123e+05 5.932188954725506483e+05
2.230454761301967665e+05 6.142854791049435735e+05
2.299370540067855909e+05 6.332617729037072277e+05
2.156199755620667711e+05 6.513184749173702439e+05
2.165311192372212827e+05 6.686662601275343914e+05
1.996804731583280372e+05 6.708424170583125670e+05
1.934089190807524428e+05 6.577731339498973684e+05
1.841132304084193020e+05 6.368823374061330687e+05
1.788073541425023286e+05 6.144563330320598325e+05
1.596199372790774796e+05 6.046509831328646978e+05
1.632003231172070082e+05 6.263071803777210880e+05
1.673140747039655398e+05 6.505152794338471722e+05
1.688342520715815481e+05 6.703982830586557975e+05
1.732197682254886604e+05 6.928013724825088866e+05
1.752296835119698662e+05 7.128735245191733120e+05
1.846941115433179075e+05 7.346067742761347909e+05
1.952186114945201552e+05 7.549257400939493673e+05
1.788142293215683312e+05 7.410130624892757041e+05
1.575084622764182568e+05 7.469307149980474496e+05
1.436583160852104193e+05 7.609564499036221532e+05
1.533097001677826047e+05 7.730271349757513963e+05
1.640376490484200476e+05 7.807051278725990560e+05
1.673869384839373233e+05 7.996007545600535814e+05
1.758985539960823371e+05 8.167820599440879887e+05
1.760097626125335810e+05 8.335432429202859057e+05
1.660796089594459045e+05 8.504350361351046013e+05
1.755408281048739736e+05 8.617351897895210423e+05
1.712650028308721376e+05 8.808334581383309560e+05
1.829005326797254966e+05 8.977551496957641793e+05
1.970703662346727797e+05 9.000011187417142792e+05
2.008150330338755739e+05 9.062360391271039844e+05
2.022016387162119790e+05 9.167897026264122687e+05
1.996663159371750953e+05 9.354532693943635095e+05
2.128972395327113336e+05 9.404496197709153639e+05
2.162134910310179112e+05 9.616161416219433304e+05
2.311107751171568234e+05 9.751644179547742242e+05
2.500184459053991013e+05 9.706517653111637337e+05
2.702512214152766392e+05 9.665740613317977404e+05
2.890535213680036832e+05 9.681095352448554477e+05
3.113736907519320957e+05 9.735623289853873430e+05
3.285738928410840454e+05 9.768078084111018106e+05
3.399680282548250398e+05 9.657062120726344874e+05
3.381805904985068482e+05 9.453918475194477942e+05
3.199973353463395033e+05 9.299023240685908822e+05
3.028641813981869491e+05 9.120224376719520660e+05
2.844382921408195398e+05 8.971808914597325493e+05
2.969986582881824579e+05 8.876517116416454082e+05
2.832285185015220195e+05 8.669505437773707090e+05
2.937018655747050070e+05 8.637977037829614710e+05
3.145438260432625539e+05 8.723210395128603559e+05
3.377116710719148396e+05 8.667681118443590822e+05
3.605949451890320051e+05 8.688264280783266295e+05
3.838658440743307583e+05 8.690155474224993959e+05
4.058155340301025426e+05 8.664808586650923826e+05
4.161551899468562915e+05 8.453797793029687600e+05
4.044241571299570496e+05 8.246842470633315388e+05
4.002977052089801291e+05 8.019821795671213185e+05
3.900611108586546616e+05 7.809248333351685433e+05
3.761009021329890820e+05 7.614270614654845558e+05
3.680830475376186660e+05 7.399944049119743286e+05
3.533202045988673344e+05 7.242948511431618826e+05
3.643524712619583588e+05 7.071062787732522702e+05
3.431963756704324041e+05 6.997138820279701613e+05
3.266466203950929921e+05 6.840478017342472449e+05
3.327370312243010267e+05 6.758166025200500153e+05
3.517799627042069333e+05 6.882821944878753275e+05
3.735925243525585975e+05 6.792481381288201082e+05
3.936543545206938870e+05 6.681189756590145407e+05
4.073743774953068933e+05 6.484086254050834104e+05
4.244716599107089569e+05 6.331509008288215846e+05
4.277578546746571665e+05 6.095506399706954835e+05
4.339105419433469651e+05 5.869112443295054836e+05
4.429113494673561654e+05 5.648553510673410492e+05
4.483782274477979518e+05 5.410446680719308788e+05
4.644424598897752585e+05 5.259654546608665260e+05
4.860835363131359918e+05 5.165376245316180284e+05
5.023109912286251783e+05 4.998430588871389627e+05
5.157064440911125857e+05 4.806781184820187045e+05
5.227057167151211179e+05 4.665262502479885588e+05
5.253360864379231352e+05 4.443063710430259234e+05
5.400080330086348113e+05 4.240644841787490877e+05
5.366414166066546459e+05 4.125135826088639442e+05
5.395836705706714420e+05 4.055811066881169681e+05
5.536320669677803526e+05 3.859513417726076441e+05
5.595570058178604813e+05 3.619852777254509274e+05
5.509873111176978564e+05 3.410587812771670870e+05
5.617926775676888647e+05 3.359111025613222737e+05
5.805932169547536178e+05 3.487441663859846885e+05
6.049016355153460754e+05 3.476581493757976568e+05
6.286961357012408553e+05 3.408507674815332866e+05
6.480700584040561225e+05 3.251773146045224275e+05
6.552159769055587240e+05 3.022374116981287370e+05
6.538159169801841490e+05 2.782730638196907821e+05
6.480230109577669064e+05 2.543870439640972472e+05
6.344443259926741011e+05 2.351973053814944869e+05
6.238141336950007826e+05 2.163209116437421471e+05
6.073282768430629512e+05 2.067376651268214337e+05
6.097865767288154457e+05 1.918623092781858286e+05
5.919800303549369564e+05 1.803227203809595376e+05
6.070353277459496167e+05 1.712839162251489761e+05
6.297971790195474168e+05 1.728493228625170013e+05
6.379647040998443263e+05 1.618303584220037737e+05
6.347176536733561661e+05 1.388704317197524360e+05
6.130406574587776558e+05 1.286408167015807267e+05
6.000618489270622376e+05 1.155119960818927939e+05
5.780309371265216032e+05 1.059129287040862400e+05
5.579760423492912669e+05 9.354796887788696040e+04
5.342391419976078905e+05 1.005068957975187514e+05
5.097408822383310180e+05 9.977531398335717677e+04
4.873339445553396945e+05 9.106333422994782450e+04
4.657891603955012397e+05 9.642501104575740464e+04
4.450447105885528144e+05 9.637080811586171330e+04
4.238214106575246551e+05 9.035700643732413300e+04
4.075852204426691751e+05 8.260457140898871876e+04
3.895019954534325516e+05 7.707094155275834783e+04
3.722478954948471510e+05 7.444320586655563966e+04
3.610391600867038942e+05 7.744072989553427033e+04
3.398241838273422327e+05 9.000386543265628279e+04
3.165721301431599422e+05 8.523736264627348282e+04
2.975831981809688150e+05 7.318885882795017096e+04
2.937766304028622108e+05 5.167832432440122648e+04
2.808555642185183242e+05 3.505614620856833062e+04
2.624536776132400264e+05 4.352916759071552224e+04
2.448065116109164665e+05 4.674260546952809818e+04
2.238304551710770174e+05 4.887058384389780986e+04
2.047075569719993800e+05 4.549906551699438569e+04
1.895232701809983992e+05 3.282341507331954199e+04
1.799425941038523451e+05 1.614173222981755316e+04
1.640734366094260768e+05 1.753400236299355674e+04
1.491311116661311535e+05 2.584981889055592910e+04
1.331564923556742142e+05 2.726604951943927517e+04
1.479013442028779828e+05 4.315118054426361778e+04
1.670931779853357293e+05 5.043566152290339960e+04
1.817192505742189824e+05 6.764033807496419467e+04
1.947454332216139010e+05 8.264975891811953625e+04
2.109591117490311735e+05 9.749686880081621348e+04
2.192988046346271003e+05 1.187663232166208909e+05
2.348411549710899126e+05 1.263431311166582309e+05
2.423893506910015130e+05 1.443871806042814278e+05
2.636387678958264878e+05 1.513841755698243505e+05
2.874783769933407311e+05 1.499811545339769218e+05
3.106304083366403938e+05 1.455509254758943862e+05
3.257519002281659050e+05 1.600115163611118041e+05
3.306553856838559732e+05 1.728463426552843594e+05
3.239907017159268144e+05 1.740620951857115433e+05
3.048494226840422489e+05 1.635081590622607910e+05
2.842427934793223394e+05 1.743775207536965318e+05
2.676601983076202450e+05 1.896146035317093192e+05
2.489107450579059660e+05 1.831010467239359568e+05
2.403884169581441674e+05 1.953940327798723592e+05
2.219158399546827713e+05 2.052633801799997163e+05
2.033102825893546978e+05 1.956804354363443563e+05
1.850422320138356590e+05 1.992109702938146947e+05
1.780693472909516422e+05 2.129643509735908883e+05
5.302998318418154959e+05 4.057315044826285448e+05
4.552210154781856108e+05 1.135550966158772062e+05
5.518996288045246620e+05 3.289562288925785106e+05
5.409323485541074770e+05 3.341366340629610349e+05
5.418615680244413670e+05 3.218158887593190884e+05
5.302979614378090482e+05 3.275046307608027128e+05
5.316225305445271078e+05 3.148631955263941782e+05
5.196089882705647033e+05 3.204349127354158554e+05
5.213968632652651286e+05 3.053684601065837196e+05
5.088843418370521395e+05 3.125170102560651721e+05
5.100298173222013284e+05 2.993746782531699864e+05
4.976562243132723961e+05 3.051342726974280085e+05
3.286367546144606313e+05 1.804062828130754060e+05
4.987429020706244046e+05 2.914037382120279362e+05
4.863567553637293749e+05 2.973641698216312798e+05
4.852591091258829110e+05 3.111409126561710145e+05
4.738000197739040595e+05 3.033432771588504547e+05
4.728497817424396053e+05 3.171462306419206434e+05
4.614309451155809802e+05 3.093898892122157849e+05
4.622900466334773228e+05 2.956721200138718123e+05
4.501254184454286587e+05 3.017222465809809510e+05
4.509436578614318860e+05 2.882255525696164113e+05
4.604661775775743881e+05 3.231676100345109007e+05
3.078900100971318316e+05 5.572853873817821732e+05
4.388953684647936607e+05 2.942215492617251002e+05
4.397112198030275758e+05 2.807018515987255378e+05
3.397965432446805644e+05 4.032788163661388680e+05
4.277153117878205376e+05 2.866364676427905215e+05
4.287118064365615719e+05 2.733505166917179013e+05
4.404855963518838398e+05 2.677603854294957709e+05
4.295979885190622881e+05 2.605600007520265062e+05
4.182226285086693242e+05 2.660211280328884604e+05
4.189900773042439250e+05 2.536772801149177831e+05
4.079957476111073629e+05 2.590086103557315073e+05
4.087032654414604185e+05 2.470220738465033064e+05
3.979801885219265241e+05 2.522635600344153354e+05
4.412808605425984133e+05 2.546756896028586780e+05
3.267961882915311144e+05 3.821795298787381034e+05
3.970467017307045171e+05 2.641883149996876018e+05
3.870799716127665015e+05 2.573878683357749833e+05
3.860935030221086927e+05 2.695563969913735054e+05
2.855082252846717602e+05 8.555514435466084396e+05
3.987821737774205394e+05 2.404258840978209919e+05
4.094460147391595528e+05 2.351797072865903901e+05
4.266508911308210809e+05 3.002807260338229244e+05
2.046031542456371535e+05 8.998577263173005776e+05
3.994754303831075085e+05 2.285640985930969473e+05
5.106096833933190210e+05 2.854814846712510334e+05
3.156709691491767298e+05 5.492503098388990620e+05
5.423124550415205304e+05 3.094382355014111963e+05
4.101698683185520349e+05 2.231618508487574290e+05
4.000510454803284374e+05 2.166871348574162694e+05
4.089895098743701819e+05 1.005417421098976192e+05
3.897547988707008772e+05 2.219906265119601157e+05
3.902492215063150506e+05 2.104934933545813255e+05
3.191586219491551165e+05 5.603708467713231221e+05
3.108823933868926833e+05 5.688367013878817670e+05
3.756341111311526038e+05 2.621522760409377515e+05
3.749104325863838894e+05 2.750736793654707144e+05
3.278470791099292692e+05 5.516554988697018707e+05
4.962886726920630317e+05 4.795327008457808406e+05
2.739453942948639160e+05 8.591665017064590938e+05
2.765512398287169635e+05 8.472018528424755204e+05
4.718471188222155906e+05 3.308371728906857315e+05
4.595048910847040825e+05 3.368458002207687823e+05
4.003759700716446969e+05 2.049472733334971126e+05
3.908999398389996495e+05 1.988191012555128254e+05
3.224196363687770208e+05 5.719562983599334257e+05
3.140264772158695268e+05 5.805866902060458669e+05
3.802880274286717176e+05 2.157480463372567028e+05
3.217643521627251175e+05 6.740665232520096470e+05
3.148648157955561182e+05 6.834988266647700220e+05
3.288580917311754893e+05 6.648634566773993429e+05
3.257767069396866718e+05 5.836772382676431444e+05
2.890862054124478018e+05 8.428889896365340101e+05
2.792493346870108508e+05 8.336820045165661722e+05
4.708129232898963382e+05 3.445206001985185430e+05
4.585222639575523208e+05 3.504664850204464165e+05
3.638341299616133329e+05 2.672296735895313905e+05
3.628566242572299670e+05 2.809140007534266915e+05
4.008490012577658636e+05 1.931680376329322171e+05
3.909606981856836937e+05 1.866150994147163874e+05
3.171876429285733611e+05 5.923915148061278742e+05
3.291621038826650474e+05 5.955438068178637186e+05
3.170162349479719996e+05 6.631842999892449006e+05
4.698384592276101466e+05 3.581618703810391016e+05
4.574270701624461217e+05 3.643035917991046445e+05
4.458334856193310698e+05 3.565068877555374056e+05
4.447583145172654185e+05 3.705542378828523215e+05
4.329157361399639631e+05 3.625914721960900351e+05
4.319125460556678590e+05 3.769941803181931609e+05
4.565018769575908082e+05 3.777215009734511841e+05
4.434289255253166193e+05 5.199513767267803196e+05
2.639929204425553326e+05 8.494276917286405805e+05
2.617886866274518543e+05 8.627289304438811960e+05
2.929531750694214134e+05 8.293110264623636613e+05
2.814036205655549420e+05 8.186981168201749679e+05
4.197508471252243617e+05 3.688378346586556872e+05
4.187905991116608493e+05 3.836215080777480616e+05
3.057098086595013156e+05 5.891714918410778046e+05
5.296076074711065739e+05 3.408093606621522922e+05
3.386048212336269207e+05 5.864591237246778328e+05
4.016506718574749539e+05 1.806443623966811283e+05
4.124077285263182130e+05 1.876223948985985480e+05
3.903549570116321556e+05 1.736684329256644705e+05
5.208639986426836113e+05 1.201320647064460354e+05
3.516601066937461146e+05 2.731412066439861665e+05
3.504202422587669571e+05 2.872138434630088159e+05
3.620529964397592703e+05 2.949510183256143355e+05
3.493948679065741017e+05 3.014577673533716006e+05
3.613912964946447173e+05 3.093082658174696844e+05
2.525632221147471864e+05 8.548690192449250026e+05
4.997505885429872433e+05 2.774610588571642293e+05
5.123203357936225948e+05 2.715082727651805035e+05
5.009569959519326803e+05 2.633038439121681731e+05
5.137896100615312462e+05 2.572643726137428312e+05
5.021672810480357730e+05 2.488907491224269615e+05
5.154890600928578060e+05 2.427694938480478013e+05
5.035015808197727310e+05 2.343164187460976827e+05
5.268981882248576730e+05 2.527899869528940762e+05
5.171119623438996496e+05 2.279360188377679151e+05
5.045995521139067714e+05 2.191449936837335408e+05
3.526270893282722682e+05 2.590065832598066481e+05
5.186129097200677497e+05 2.126776171273801010e+05
3.085153632343341014e+05 6.011068103759456426e+05
2.500356458702888922e+05 8.668048056461729575e+05
5.056242231062198989e+05 2.035894249738496146e+05
4.913448343727962929e+05 2.103454298491574882e+05
6.249368036770944018e+05 2.529678796737912344e+05
2.970499097602187539e+05 8.138971750006700167e+05
2.849376318216215586e+05 8.025780337443242315e+05
2.686990945156487869e+05 8.078416028300593607e+05
2.722968114881398506e+05 7.909916883622956229e+05
3.486134404985529836e+05 3.158182744097799296e+05
3.606203056072439649e+05 3.235425460054095020e+05
4.923681809013998718e+05 1.944694455910102988e+05
3.399739114166307845e+05 2.648863274967116304e+05
3.421171910130101605e+05 2.487149196106126183e+05
2.402300866185734048e+05 8.588360502098950092e+05
4.022478197949068854e+05 1.672612772525892651e+05
3.902384826328777708e+05 1.599999545841293293e+05
2.963908777464674786e+05 5.975785077759892447e+05
2.994503847781778313e+05 6.100976776783430250e+05
4.063610623605842702e+05 3.752297773128568660e+05
4.052176062303927029e+05 3.905378022465042886e+05
4.180967192906037089e+05 3.989607242898054537e+05
4.039834019236249733e+05 4.062641205449574045e+05
4.178904800910170889e+05 4.152233432000681059e+05
4.028528722122330219e+05 4.229256061378106242e+05
4.170897434204121237e+05 4.322201645418017288e+05
4.325300466454778798e+05 4.241872217158714775e+05
2.887788666326539824e+05 7.856475460347242188e+05
2.761509122541100951e+05 7.737885105523724342e+05
4.016486677058435162e+05 4.400167541476347833e+05
3.421856785105012823e+05 5.995611588163364213e+05
4.190248784799650311e+05 5.694797255788014736e+05
3.809242511637061834e+05 1.813048962208103039e+05
5.203823809134784387e+05 1.949486700978371082e+05
2.004195418557159719e+05 8.930782011212138459e+05
2.086694709754405194e+05 8.928983887849063613e+05
2.127911834954654623e+05 9.004607865141427610e+05
3.366829515839913511e+05 3.079881826555644511e+05
3.282900899924583500e+05 2.563969753332629916e+05
3.295836738594876369e+05 2.421313978889005084e+05
2.082361656046434073e+05 7.343706405695705907e+05
3.355572810038456228e+05 3.226694357833485119e+05
1.904697685591746122e+05 8.250663419452211820e+05
4.779390794377389830e+05 2.012639013686204562e+05
3.244222427645350108e+05 6.526265793877128744e+05
4.790600686623348156e+05 1.853457968550664955e+05
4.073284815832023742e+05 3.606610212866362417e+05
3.939104847265123390e+05 3.671723738274137140e+05
2.041074755256102071e+05 8.852768748616098892e+05
4.317138280772001599e+05 4.418452424365433981e+05
3.675617904694280587e+05 8.629496203619314474e+04
2.426855013530314027e+05 8.464004589348419104e+05
5.335301598091823980e+05 2.215221536618708633e+05
2.177261994777736836e+05 8.928908362280814908e+05
2.221264133348932373e+05 9.015130429487775546e+05
3.733897094351701089e+05 3.171173097334343474e+05
3.313766667602475500e+05 7.215394863360752352e+05
2.557459504380162107e+05 7.965905307091464056e+05
3.763392938027125783e+05 8.000970730273693334e+05
3.161278365728128119e+05 2.483422342876862385e+05
3.179391973603407387e+05 2.339093990519703948e+05
3.302107022601566277e+05 2.280634472212284163e+05
3.197631138487473363e+05 2.204049121107414830e+05
3.525394167594577884e+05 5.894699686304244678e+05
5.628361816570537630e+05 3.238358705650822376e+05
4.477114117406639270e+05 4.333874092070810730e+05
2.864392705750429304e+05 6.067537123557624873e+05
2.896940217806660803e+05 6.210966138285286725e+05
4.820555641542726662e+05 3.521914018998763640e+05
4.811669210685205180e+05 3.656805632116488414e+05
2.577459652022247319e+05 9.539117607028435450e+05
4.030050931315901689e+05 1.536232652347415569e+05
4.149150611737438594e+05 1.609855548927120399e+05
3.914980673814017209e+05 1.439054496971569606e+05
3.780758814281855011e+05 1.523314445812385820e+05
4.901903774683317170e+05 2.405921294437974575e+05
6.103127439806625480e+05 3.255865980609196122e+05
3.780602717099162401e+05 1.385097075652553176e+05
3.564710069861642551e+05 6.039833799825008027e+05
3.046361018793255789e+05 2.391572609490228060e+05
3.140783273686113534e+05 2.633869860936368350e+05
3.229557743567624129e+05 3.143558431800769176e+05
3.372967736622740049e+05 6.552989868209835840e+05
3.311208038441376993e+05 2.153393257452536491e+05
3.218156917997964192e+05 3.297906518705557100e+05
3.281888878129771329e+05 1.417320507940446259e+05
2.927633216813182225e+05 7.684652954691238701e+05
2.798576502164306003e+05 7.568869616743047955e+05
3.057391868877166416e+05 7.803290396619640524e+05
4.343298672162667499e+05 3.487367492171861813e+05
3.118498080191265908e+05 6.133260469969690312e+05
3.410563639295689063e+05 2.224820156527056824e+05
3.418828569818335818e+05 2.105077413776250614e+05
3.338054484538183315e+05 3.386528868969208561e+05
4.932381704201470129e+05 3.597900938297805842e+05
4.923673092832346447e+05 3.732243753248836147e+05
5.044723951144799357e+05 3.671042784406280844e+05
2.635047498155760695e+05 7.621683120860145427e+05
2.673001937118803617e+05 7.453951525739126373e+05
4.648162905817410210e+05 1.922994561681920313e+05
4.661035248045114568e+05 1.771490266987606010e+05
4.637563646192064043e+05 2.078139166877874522e+05
4.523713333827998722e+05 2.619675032983547426e+05
2.299786410866234801e+05 8.505087926265215501e+05
2.330280888417472597e+05 8.364274061549538746e+05
3.797301476214810391e+05 2.271850765515740495e+05
4.957616880162817542e+05 1.802888881693177973e+05
3.182408690190439229e+05 5.000964294553683139e+05
2.833773438336177496e+05 5.930287626809980720e+05
3.852706860173999448e+05 2.823021890769253951e+05
2.275598799666425330e+05 8.930351007739382330e+05
2.326739408842702396e+05 9.026506465933928266e+05
3.141163078277373570e+05 3.739916199014132144e+05
3.872837644059085869e+05 4.304113739867539844e+05
3.861318523782820557e+05 4.479366065451204777e+05
4.006576982208219124e+05 4.575868819854831090e+05
3.848651413029015530e+05 4.659050702639187220e+05
2.832155601274630753e+05 7.402835106231037062e+05
2.710933054256231990e+05 7.289423865943786222e+05
2.870267399664422264e+05 7.242024947328023845e+05
2.750075643843745929e+05 7.129788307841038331e+05
2.590999828018996923e+05 7.176806236993053462e+05
2.630116353795088362e+05 7.017852639758510049e+05
2.471558330825408339e+05 7.063164525001022266e+05
3.998093170646714279e+05 4.758424113509007730e+05
3.834716578509268584e+05 4.841596891638564994e+05
4.158880340924635530e+05 1.466439076175699010e+05
5.240603771297776257e+05 2.800310648718382581e+05
3.678826608450791100e+05 5.930661119404417695e+05
3.625821143511913251e+05 5.780544267722223885e+05
3.332186321319860290e+05 6.417770122779245721e+05
3.473175118985213339e+05 6.446390208527864888e+05
3.908710695794080384e+05 3.986298003341302392e+05
5.916798450316784438e+05 1.627650483009080053e+05
5.763791785448226146e+05 1.718252922613623377e+05
5.768505162565053906e+05 1.897827312100710697e+05
4.468669917748383014e+05 4.518515706553648342e+05
2.560169096074786503e+05 6.006059294195041002e+04
3.213007914722827263e+05 2.082246362724012288e+05
3.209127399255754426e+05 1.823402520805794047e+05
3.095709301632373827e+05 2.126122733777796675e+05
2.226740463566281251e+05 8.847167959686323302e+05
2.092251491749653360e+05 6.832583314552321099e+05
3.395748855750001967e+05 7.409280827241262887e+05
4.532981397690334124e+05 2.486305733529259160e+05
3.086708424753812724e+05 8.249981861026822589e+05
2.768876507414396037e+05 1.292730031917650049e+05
4.420702586204950931e+05 2.415086025779258052e+05
3.120693350212926744e+05 6.507869502623151056e+05
3.035983049077843898e+05 6.618577296120100655e+05
2.721513364632270532e+05 6.032911193121270044e+05
5.031829890250194585e+05 3.806123235516303685e+05
4.912692653639303753e+05 3.864209003135972889e+05
4.284102237855670392e+05 1.544015750427035382e+05
4.634055644648983725e+05 4.430670965533405542e+05
2.787529529827636434e+05 6.974638648742304649e+05
2.670459980280014570e+05 6.863579008761993609e+05
3.729032771647899644e+05 3.308776011330418987e+05
3.853557969580577337e+05 3.248811967984244693e+05
4.635433068998698145e+05 4.246368706112342188e+05
4.941696970285087591e+05 3.463394564836524660e+05
2.381209888854282908e+05 8.938537928070914932e+05
2.441662847419546451e+05 9.040185567208887078e+05
2.373623051850637712e+05 9.139058056076361099e+05
2.500824890731301566e+05 9.152085665963109350e+05
3.988291807429969194e+05 4.938550144218393252e+05
3.824836804726196569e+05 5.026573697849252494e+05
4.013062708268682472e+05 5.131013446868045139e+05
3.821706339531122940e+05 5.213395319407862844e+05
3.042880450538994046e+05 3.192746383533731569e+05
3.039785839707357809e+05 3.377676076694595977e+05
4.508420264809900546e+05 1.990381908783999388e+05
2.594182318762654031e+05 8.748561281830845401e+05
2.492098947069607675e+05 2.427765846187234274e+05
5.017632304437436396e+05 3.937003199503404321e+05
3.722868700608548825e+05 6.090395145335291745e+05
4.882212056369609199e+05 2.694504769538822002e+05
2.692904911289018346e+05 5.881450164526340086e+05
1.860721225332152098e+05 8.012542177172182128e+05
3.527244421539624454e+05 2.162751464826952724e+05
3.523227931426457944e+05 2.057305185679424030e+05
3.358819676301927539e+05 1.784172179730761272e+05
3.379733939195210114e+05 1.711353355707315786e+05
3.436293194587257458e+05 1.766421745575206878e+05
3.458793263788479962e+05 1.687002751196018944e+05
3.662195953886749921e+05 1.454429624474770972e+05
3.346109654890648089e+05 1.860748661569989927e+05
3.529691803464475670e+05 1.746374324132231995e+05
3.652818026966921170e+05 1.309803596355962509e+05
3.102598774343056721e+05 3.022030125193035929e+05
2.162536599822778662e+05 7.547947842404608382e+05
5.613395432943969499e+05 1.811348240805922542e+05
5.607004202171798097e+05 1.631041066802836140e+05
3.673889792424198822e+05 4.930275899120165268e+05
4.160359496278712177e+05 4.857862008165011648e+05
3.509358622781110462e+05 8.479797732541564619e+05
3.561907944246889092e+05 2.461285592307219049e+05
3.238311814346905448e+05 5.393824086533600930e+05
3.371343983344472945e+05 5.419043291423053015e+05
2.992386179588435334e+05 6.499541141277482966e+05
3.777446905232192366e+05 1.229882605541310331e+05
2.898550806544909137e+05 6.604249130993377184e+05
2.850672815524931648e+05 6.471758808860206045e+05
6.079376601556004025e+05 2.243564682635923382e+05
5.929136660057655536e+05 2.158740391258933232e+05
5.934239426663640188e+05 2.330244488275822077e+05
5.783758334983108798e+05 2.245147952810194402e+05
5.786690745446304791e+05 2.415324168156912783e+05
2.828045852105283411e+05 3.653118845053687110e+05
4.154527671502868761e+05 2.925735074587514973e+05
4.149341557805571938e+05 3.063017783363853232e+05
4.256693259070839267e+05 3.142230074590709992e+05
3.856361877684759093e+05 5.989619527648192598e+05
3.287054900585572468e+05 3.687995040557804750e+05
3.397869970617982908e+05 3.777566173762551043e+05
4.899808625925547094e+05 3.999384765085647814e+05
5.041119420448712772e+05 4.076054509213721030e+05
4.787196958981418284e+05 4.352059186666508322e+05
2.811126814601885271e+05 5.802560160430280957e+05
2.821911513324636617e+05 9.154692718756597023e+05
2.197589988808905473e+05 8.414143090410786681e+05
2.218049242026271531e+05 8.258091178685817868e+05
2.171062459750556736e+05 8.550637539481548592e+05
3.857043937077457667e+05 3.112787191440083552e+05
4.141661584210325964e+05 3.201094748366100248e+05
5.621008979103213642e+05 1.987037615952317428e+05
2.991994528287396533e+05 7.355234124427470379e+05
3.468044080218866002e+05 4.423755328481857432e+05
3.492371818865220994e+05 1.830851374896258931e+05
2.706794943889350398e+05 2.689595373315166798e+05
4.964735264112357982e+05 1.205382388216193212e+05
3.423650126026639482e+05 3.637712606218224391e+05
3.535235218711851630e+05 3.732065127103120321e+05
5.078673850702253403e+05 1.382359450082461990e+05
4.880000540535347536e+05 1.392566980843056808e+05
5.277744675247903215e+05 4.165332277874088031e+05
2.365183152761206147e+05 6.521135579114801949e+05
2.499900725199220760e+05 6.371363574168012710e+05
2.407174213496681768e+05 7.241618338654716499e+05
2.300610606113373360e+05 7.100177088450258598e+05
3.556373892060610233e+05 3.592663545946945669e+05
5.641923751632828498e+05 2.332272016451113159e+05
5.642513305240792688e+05 2.501090445596303325e+05
5.782926691928622313e+05 2.584191640233113430e+05
5.642231889729523100e+05 2.668970495545718586e+05
5.782125101469849469e+05 2.751004427069267840e+05
5.643103024504000787e+05 2.833628620167095214e+05
5.783745975389955565e+05 2.916871674098882359e+05
5.925081244920759927e+05 2.836744767743328703e+05
2.910809139472821262e+05 3.277768339297802304e+05
5.147496632675259607e+05 3.746589574859904242e+05
3.956514130817633122e+05 5.339306506806431571e+05
3.802082316572573036e+05 5.399782853943018708e+05
5.454510085877778474e+05 1.726692620864475903e+05
4.291109288296189625e+05 1.390101556299285148e+05
4.427344404015507316e+05 1.470841183295729279e+05
2.579474773107063083e+05 5.983259094741113950e+05
2.544688692248123698e+05 5.827166720212935470e+05
2.474278570111631416e+05 8.321771262092094403e+05
2.772380767622767016e+05 6.597530067742874380e+05
3.772037990099429153e+05 2.499944022891740315e+05
2.424718901269144844e+05 9.263919719958198257e+05
3.409258779887740966e+05 5.552168478057484608e+05
4.628679893140789354e+05 2.822495239528287202e+05
3.454579999825742561e+05 6.150349739427278982e+05
3.839888848391087377e+05 6.477443275993448915e+05
5.815395294104424538e+05 1.288724159880526713e+05
3.073487878404792864e+05 6.375378750271725003e+05
3.094827047839334700e+05 7.630869477211280027e+05
3.240456762880882598e+05 7.729770499556227587e+05
2.514876561359805346e+05 7.505812914881345350e+05
2.467579593773559900e+05 7.674554778177471599e+05
4.482148517368953908e+05 3.291001642673492897e+05
4.598363096484348644e+05 5.040580558412265964e+05
3.645095742038176977e+05 1.154177616458090779e+05
2.068352336168844777e+05 8.463196906825443730e+05
2.049580203008328390e+05 8.590748591236186912e+05
5.447529462050173897e+05 1.542755505251046561e+05
3.646885554855691153e+05 5.304486949514640728e+05
4.645928199856290594e+05 2.555596719156627660e+05
3.557994275012966827e+05 1.643779764841170399e+05
3.845511877942199935e+05 3.392031833131570602e+05
4.548897470508094411e+05 2.343790959956114530e+05
4.426000954803323257e+05 2.270908313209981425e+05
2.321006898606274335e+05 1.047506058244481974e+05
6.337622128950164188e+05 2.914677252211047453e+05
3.599035141964555951e+05 1.815568591201494273e+05
4.271443390474597109e+05 1.688373544793435140e+05
3.895257956319442601e+05 6.175937157898771111e+05
3.182625705341777066e+05 6.945419737126533873e+05
3.076524639976543258e+05 6.939458884601728059e+05
3.138824218484986923e+05 1.253068148661611340e+05
3.139692039768998511e+05 8.090797333381141070e+05
4.144676175397104817e+05 1.327096640100751247e+05
2.274758363325621467e+05 6.800783905018272344e+05
2.956421242005937966e+05 9.518790858910611132e+04
5.298961768529450055e+05 1.633493610885590024e+05
5.087365703895231709e+05 4.527975971708594589e+05
2.575399799880301580e+05 9.043443343149870634e+05
4.627006509976022644e+05 4.620923007600107230e+05
1.948019785776884819e+05 8.854275436771316454e+05
2.072665216035658959e+05 7.728312505831217859e+05
5.075612540901352186e+05 3.264570382799423533e+05
3.326423460457852925e+05 5.284143607845788356e+05
3.028122211961450521e+05 6.827085510612464277e+05
2.495210289679853595e+05 1.105884316273303120e+05
2.382150715381673654e+05 8.732004561741468497e+05
4.786961755566683714e+05 3.923540588618699112e+05
3.468948843463935191e+05 1.584722040810975013e+05
2.564380899609271728e+05 9.278101441545406124e+05
5.502750464024529792e+05 2.750371504232216976e+05
3.038076341164588230e+05 7.181754290870424593e+05
3.265514109596594935e+05 8.215955558923168574e+05
3.673079893839147408e+05 3.683015395893056411e+05
3.649623762872914085e+05 3.828305584269453539e+05
3.332142701170305372e+05 8.031283171791528584e+05
5.426117263873141492e+05 1.222329962133051740e+05
2.734308881058273255e+05 9.508691276031753514e+05
2.806387499384869006e+05 2.868493438812996028e+05
5.167054163104438339e+05 3.608742172497939318e+05
3.704816218544031726e+05 2.206883421695546131e+05
3.699302913494906388e+05 2.084046873033955926e+05
4.457052706321342266e+05 4.707785904713014606e+05
3.096223621075555566e+05 8.538302279173955321e+05
3.546537676934351330e+05 4.598878625112540321e+05
3.442148568135075620e+05 4.740498821178496582e+05
3.466460389873319073e+05 8.174561692328271456e+05
2.454837180383230152e+05 9.346111542690481292e+04
2.308666175071682665e+05 8.323326863213961769e+04
2.291561454284597421e+05 9.479388221091317246e+05
3.697859020259806421e+05 2.318195443177553825e+05
3.670456591365763452e+05 5.503248618258479983e+05
3.789418344166743918e+05 5.564740500574021135e+05
4.203755452463599504e+05 2.295665956764732837e+05
4.203023756247311831e+05 2.176833125126796658e+05
4.259884229258401319e+05 1.064068522130354104e+05
2.160520487511595420e+05 9.096202124540646328e+05
3.120066301085184678e+05 2.007480146610351512e+05
2.986196072223025840e+05 2.044650822506881377e+05
1.998329468212302600e+05 2.281386895492632175e+05
5.414146126945394790e+05 3.571968894504490891e+05
3.510269627994332113e+05 1.257468227488905686e+05
5.649034715459328145e+05 2.986003386029803078e+05
5.776633366555823013e+05 3.063233286825881223e+05
3.427825889874681598e+05 2.000397642342404579e+05
5.508436912200567313e+05 2.417245796326814161e+05
1.942762092007011233e+05 8.515134548979159445e+05
3.181341782903131098e+05 3.600216596756234067e+05
2.297320897929094208e+05 9.235337529478648212e+05
4.245510502192620188e+05 3.281478228741575149e+05
4.118781321475526784e+05 3.332724081726935110e+05
6.216591811016276479e+05 1.570226720135663927e+05
4.024713824442390469e+05 2.983921014129533432e+05
4.053327195860085194e+05 2.842305112394684693e+05
2.966219125006451504e+05 2.181880249947589473e+05
2.839507800837298855e+05 2.106654804695870844e+05
2.836026993777052267e+05 2.246702496925890446e+05
2.677259842621994321e+05 2.163660092868043575e+05
2.152228841954893433e+05 8.682159660464413464e+05
3.792370494091530563e+05 1.070054846441158734e+05
5.085865780043455889e+05 4.336404886946465122e+05
2.807697235147791216e+05 8.507444102284352994e+04
2.387599989499455551e+05 2.129871614382392727e+05
2.197413901233879442e+05 5.733781399541880237e+05
1.653230115068480663e+05 7.675754551630425267e+05
1.749315865496785264e+05 7.746216966733409790e+05
2.612666219071194646e+05 6.142539751908496255e+05
4.300741253053610562e+05 5.306146948765550042e+05
3.001316667595551698e+05 5.647767408792696660e+05
2.435681698047229438e+05 5.934209344308959553e+05
3.526086664847280481e+05 6.583302459492188646e+05
3.039509333773627295e+05 9.555377597035398940e+05
3.634661138598472462e+05 3.380700455823623925e+05
2.809418177143237554e+05 6.823305960477553308e+05
1.919669734000512690e+05 7.035209586629967671e+05
3.552565621743655065e+05 1.900283321282993129e+05
3.659281274268839043e+05 1.893134926683424856e+05
2.183570561125196109e+05 2.315185148313677928e+05
1.985512474792360154e+05 8.765131113660766277e+05
2.539100693181795068e+05 6.562053839577843901e+05
3.934074399296902702e+05 1.152754628533331561e+05
5.343730735525490018e+05 3.921230321861025877e+05
3.012132427599121002e+05 3.637138244003060390e+05
3.508209880466408213e+05 2.283984605999671039e+05
5.219958199754459783e+05 3.960042716450675507e+05
3.684636045020383317e+05 3.528958085389789776e+05
4.131024169583326438e+05 5.891112823012724984e+05
4.767640178543371148e+05 4.057509235574580962e+05
4.650499410455750185e+05 3.978707856983031379e+05
2.677819656423400738e+05 6.466537348836374003e+05
2.943828669399166829e+05 2.699097079902329715e+05
2.814278910485879751e+05 2.528402258152988506e+05
5.605856656673942925e+05 1.445024249675272731e+05
2.882012945107102278e+05 5.596899867785889655e+05
3.540713396726942156e+05 7.574521668551191688e+05
2.113491855511149042e+05 6.374574031483099679e+04
4.231687419433851028e+05 5.152398608549706405e+05
3.725987996187066892e+05 4.383151023822560674e+05
3.736159934521097457e+05 4.210986691868280177e+05
3.615952759655822883e+05 7.776280632128278958e+05
3.793820647722214926e+05 3.759928957461871905e+05
3.985104718515123241e+05 5.711650983397649834e+05
2.936214167812374071e+05 3.508493895183365676e+05
2.758866309159517405e+05 3.502340019836679567e+05
4.952640305648872163e+05 1.541999926297263592e+05
4.768045923502804944e+05 1.533561758388698217e+05
4.694779406708021415e+05 1.394137291819659295e+05
5.499670404723251704e+05 2.252162280804485781e+05
3.269075404259511270e+05 1.888233366415601340e+05
5.737729147659523878e+05 3.322998532436047681e+05
2.522246026168597455e+05 8.137169416150515899e+05
2.401323371270846401e+05 8.024250508616205771e+05
3.147815338371663820e+05 7.305404968325090595e+05
3.231603795359300566e+05 9.604698004860398360e+05
2.797106656259882147e+05 1.062891431835818366e+05
2.275020751285860315e+05 7.385956717419155175e+05
2.275746681362004019e+05 7.737808548571050633e+05
2.156715653959116316e+05 7.896032366637624800e+05
5.519805303530481178e+05 2.900726615382698365e+05
3.140377897266866639e+05 7.057504147007351276e+05
3.179954627128056600e+05 5.262310845324627589e+05
4.751589206530895899e+05 1.143810324548884819e+05
3.011009124037939473e+05 1.905604805358242593e+05
3.622249330758517026e+05 1.991536573485172994e+05
3.728626319065856514e+05 1.970100436872248538e+05
3.940112175638853223e+05 8.469383618214885937e+05
5.501208767418269999e+05 2.593730926323529275e+05
5.369198198162266053e+05 2.673358083929400309e+05
3.814314487174308742e+05 8.249584395472680917e+05
4.054735394925415167e+05 5.524112114448085194e+05
5.926236376459489111e+05 1.985462408155319572e+05
2.411233023667567177e+05 6.683933798929541372e+05
2.281133545931065746e+05 8.634176248102785321e+05
2.173331509191028890e+05 5.556946445191078819e+05
3.326638002096566488e+05 2.045505860069840273e+05
3.471675633708913811e+05 5.304525151164606214e+05
3.417265727783195325e+05 5.163045406583489385e+05
3.952276541011768277e+05 3.518925979571337812e+05
2.792385725890993490e+05 6.331850001266959589e+05
3.672066706566133071e+05 5.113962625470261555e+05
4.446132906120240805e+05 1.287850776475383464e+05
2.901809772809325950e+05 7.084039029633332975e+05
6.075347595715508796e+05 2.425066839337740676e+05
6.071524007715675980e+05 2.607499089256385923e+05
4.581279475370358559e+05 1.537436798719112121e+05
3.651511122627186705e+05 6.453009816352538764e+05
3.569824135089015472e+05 6.319558028454274172e+05
3.256890570510961115e+05 7.554214771005753428e+05
4.332430453768122825e+05 4.985401868889613543e+05
1.919232896018202300e+05 8.645878791792383417e+05
1.861497335195436608e+05 8.760421157494398067e+05
4.622408139721911866e+05 4.818038936756686307e+05
3.738742228033549618e+05 6.289315011011459865e+05
2.492623080064688402e+05 8.773981164885867620e+05
2.557990827447129996e+05 8.848262148807868361e+05
2.687956548583628028e+05 8.828434448360017268e+05
2.811137194265809376e+05 8.824055072862891247e+05
3.959109821613997337e+05 3.189999483982976526e+05
3.001123613358263974e+05 2.872205570487682708e+05
3.028124866812935797e+05 5.771567217123241862e+05
4.170968973968856735e+05 2.788699701676143450e+05
3.427744654313733918e+05 4.227291284997995244e+05
4.761668833680873504e+05 2.190065374781205901e+05
2.731281549975122907e+05 3.241227081991881714e+05
2.698552555397642427e+05 2.355918369909548201e+05
2.954038124470674084e+05 1.166315671795886446e+05
3.891927233868724434e+05 2.338153819584297016e+05
2.703804170440217713e+05 5.594626219943277538e+05
3.666648015392699745e+05 1.588743360438115778e+05
3.774278445161153213e+05 1.682881180993599119e+05
3.637585321490294300e+05 1.713330117626965512e+05
2.921401451415031333e+05 3.026372765249320073e+05
3.173920031557704788e+05 2.874702684198074858e+05
2.102701578860650770e+05 9.273897447272599675e+05
4.519679638611380360e+05 1.841807369020757033e+05
4.384095711695398204e+05 1.911082130788403447e+05
4.386507741420855746e+05 2.048963091037099366e+05
4.250676443387346226e+05 1.977605593326483795e+05
4.499117783559466479e+05 2.144271824034523452e+05
2.539100444915303087e+05 2.074611015777154826e+05
3.517503757292230730e+05 5.027765151934261085e+05
2.384793513992718945e+05 6.387535786314886354e+04
3.656184312248147908e+05 4.740981510079742875e+05
3.882257478766546701e+05 2.454979164182895620e+05
2.655543946920388262e+05 8.261013723864727654e+05
2.363672010223585239e+05 8.198395943316947669e+05
2.228566530519141816e+05 8.068690876996262232e+05
2.088473194955008803e+05 8.169645985916061327e+05
2.401644827958989772e+05 6.205240861942393240e+05
2.935622220088850590e+05 6.918417047806123737e+05
5.771216211549764266e+05 2.068695582691313466e+05
3.571181707305577002e+05 4.094017066140526440e+05
4.745425747010929044e+05 2.895593276906028623e+05
4.753093311118549318e+05 2.759680669024161762e+05
3.200036363674686290e+05 3.453708441681841505e+05
3.738761087197622401e+05 3.028547436244121054e+05
3.873928193425674108e+05 2.969676476509271306e+05
4.841158982646747609e+05 3.249287913973790128e+05
5.294924475707664387e+05 1.402493075114524399e+05
4.830169431618545204e+05 3.385295439002886415e+05
4.952620656699389219e+05 3.326321823460934102e+05
5.065428968028788222e+05 3.401871565147684887e+05
4.208278835606542416e+05 3.548275258574639447e+05
3.541866952798600541e+05 7.990069569165498251e+05
5.385474101286944933e+05 2.834270180639321916e+05
5.292407523898528889e+05 2.933467082131262869e+05
4.475917124079801142e+05 4.164649795461537433e+05
4.325394596416373970e+05 4.075620886887233937e+05
4.481626967249874142e+05 3.999248846639205003e+05
3.507320921309651458e+05 3.905452546368208714e+05
3.444236143045048811e+05 3.491156141139840474e+05
3.201483227884958615e+05 6.041672971708617406e+05
3.242416714762700722e+05 6.160721554811663227e+05
3.158386868804587284e+05 6.259972680979722645e+05
3.284677432961764280e+05 6.286964560451438883e+05
3.030630683978747693e+05 6.236579522825927706e+05
2.939417250199093251e+05 6.354345727131264284e+05
4.303605222507826984e+05 2.480076723987681326e+05
3.977177143938275985e+05 3.338795910389149794e+05
4.870876729583206470e+05 2.833938773738773889e+05
4.492128803221060080e+05 3.154368661678496283e+05
2.201864472281888011e+05 6.964468079116176814e+05
4.892295841234498657e+05 2.552515888057514676e+05
4.772840611102505354e+05 2.481095709166017186e+05
4.780098881938859122e+05 2.336216895855429175e+05
4.625042365026751067e+05 2.226582132228504051e+05
4.964564822168259998e+05 3.188017012721797801e+05
3.933391487541330280e+05 9.632992300292869913e+04
4.906355193894634140e+05 2.261711997977416031e+05
2.738945311804687371e+05 5.604305303016374819e+04
2.521917498017101607e+05 5.641153681029134896e+05
4.688980776845823275e+05 3.715796586079663248e+05
5.385148874519903911e+05 3.754470279878714355e+05
2.433015383520545438e+05 7.852341087486479664e+05
3.488555745086410316e+05 3.336603721840959624e+05
5.183091337350922986e+05 3.341568144852542318e+05
4.070213429542855592e+05 2.711446426463438547e+05
2.519579495529106352e+05 6.907245747458339902e+05
3.810002129806341254e+05 2.041398612106706423e+05
2.640475512455677963e+05 6.298923861559841316e+05
5.631352832274052780e+05 2.160227062923159101e+05
5.051782002149125910e+05 3.538651030148669961e+05
3.269260849209458684e+05 1.066396334078952495e+05
3.405380007514481549e+05 2.357840261296403478e+05
6.202184305707523599e+05 2.756521474156845361e+05
3.382664677159440471e+05 2.936015393410702818e+05
2.568790330359882792e+05 6.733447678678309312e+05
5.469308240687598009e+05 1.895808728213487775e+05
5.461000676406112034e+05 2.075546785388191056e+05
5.314316878221449442e+05 1.822138151666821796e+05
5.144861321603835677e+05 1.760017519531337020e+05
3.743932778938504052e+05 2.888438797994627384e+05
3.892788679726196569e+05 4.143507426908480702e+05
2.088675464193698426e+05 8.324711524005740648e+05
4.515084891977624502e+05 2.751256897322004661e+05
4.785595543991845334e+05 4.526821845249684993e+05
4.809388270618020324e+05 4.922193193182852119e+05
2.959786560399581795e+05 7.518787506206722464e+05
5.175296605388467433e+05 3.475892501983768889e+05
1.802736738410620601e+05 8.481616964063369669e+05
3.656923483815793879e+05 2.545415126221165119e+05
4.102326105424635462e+05 1.172512438725966786e+05
4.002489540897459374e+05 1.302306854439791059e+05
5.290581724098999985e+05 2.381452643480518891e+05
3.290161618500457844e+05 8.494803979810770834e+05
4.379272749375454150e+05 3.079054706909069791e+05
4.102871233980515972e+05 2.114815762996213161e+05
2.962827829457507469e+05 8.510219281381808687e+05
1.882562790407977882e+05 6.839983290410171030e+05
4.306871049782724585e+05 4.598059278084182879e+05
4.369360387204769067e+05 3.215987367309015244e+05
3.477958262576005654e+05 5.763819543589685345e+05
3.543590658881526324e+05 5.625840918965314049e+05
4.472303698269298766e+05 3.428444595615412691e+05
4.415058109686531243e+05 1.617819761679382063e+05
2.595439223967631697e+05 7.794342757640768541e+05
4.160877171479240642e+05 4.497858008237325121e+05
5.926166739635502454e+05 2.999522470814504195e+05
6.103691970853277016e+05 2.918525961256676237e+05
5.916973241463687737e+05 3.156052507321923040e+05
2.983651213875990943e+05 9.334823468769340543e+05
2.551786903319161793e+05 7.338777569848285057e+05
2.327110683840692800e+05 8.841096681804965483e+05
2.599053893306439859e+05 8.376262760702139931e+05
4.313197747910635662e+05 3.918339511127766455e+05
4.765014900804274948e+05 2.623183988724931842e+05
3.409949858811085578e+05 6.656403788710208610e+05
2.552919560562469414e+05 1.298597995957850071e+05
4.259106435396460001e+05 1.827819571236518095e+05
1.746442351783602498e+05 3.381474001894408138e+04
2.530229715925160854e+05 2.241165785288107581e+05
4.939901363519176375e+05 4.433887792906898540e+05
4.447830239978289464e+05 3.845517503260349622e+05
3.095576614195910515e+05 6.728493949874881655e+05
3.312395633462209953e+05 3.542886282553857891e+05
5.771437805308691459e+05 1.525371579357942392e+05
5.930132677885125158e+05 1.445774358532610931e+05
3.780843664236939512e+05 3.904714614476715797e+05
4.197946050964226015e+05 2.415566848654753994e+05
4.274045074456483708e+05 1.226126044868704194e+05
4.358030494664750877e+05 3.351402834488719236e+05
1.934665667089979106e+05 2.121263559413808398e+05
3.788004143924562959e+05 2.385083171429583454e+05
3.394674655741577735e+05 2.791836951512341038e+05
4.800656704451560508e+05 3.789994002409382956e+05
3.957648852381867473e+05 2.766750837523367372e+05
2.713817009308411507e+05 8.714918427055142820e+05
2.262724948691735626e+05 8.751146512727439404e+05
1.984295821811177884e+05 7.890833756814775988e+05
2.461850560124896874e+05 9.414199798787976615e+05
4.140460439899249468e+05 1.746888168405960314e+05
4.635956004509854247e+05 2.690016696813401650e+05
3.710575013723344309e+05 4.558723257271602051e+05
5.528183459468394285e+05 3.168497458753709216e+05
2.753490031446944922e+05 6.185072351892134175e+05
6.213345668676086934e+05 3.084129486170719611e+05
3.925895920409952523e+05 3.826862757539342274e+05
3.628681484441618668e+05 2.154899343284085044e+05
3.285631652004288044e+05 4.850844367641365970e+05
3.116272433702679118e+05 5.376695703827800462e+05
3.495705284312462900e+05 1.071646747258717369e+05
1.859451714831996942e+05 6.680177278499935055e+05
3.723751314846347086e+05 8.511112989277719753e+05
3.386977328990317183e+05 7.850227593165200669e+05
3.808286313212692039e+05 5.805604716067856643e+05
2.359608218705278996e+05 6.949013240704092896e+05
2.108847572237868735e+05 7.122340216821884969e+05
2.374643856430227752e+05 5.768908760243296856e+05
2.327349431985293631e+05 5.606491760512689361e+05
5.927053567962709349e+05 2.505036688136056182e+05
2.352186261111322383e+05 7.540733879026398063e+05
3.805027636703975149e+05 3.629963302321234369e+05
3.515772610672097653e+05 5.451369981245892122e+05
3.308150023200354190e+05 5.632904627706434112e+05
4.226442751804249710e+05 3.411971138347763917e+05
1.927886990416208864e+05 8.395125965421461733e+05
3.202275713224879582e+05 6.395703568497067317e+05
2.940379858759642811e+05 5.855844449419464217e+05
3.013370060316688032e+05 7.975328732924312353e+05
2.636648700370276347e+05 9.162618091150904074e+05
2.717541560142131639e+05 9.034299743285365403e+05
3.609570493888953933e+05 2.251316409227692639e+05
3.651056499475947348e+05 1.003317380141634931e+05
1.787474662626811478e+05 7.600580241094928933e+05
2.128921984529305773e+05 8.855485521779461997e+05
4.047554984534493997e+05 6.282658232675282052e+05
3.254786728352024802e+05 2.733977924312593532e+05
4.115536289335089386e+05 2.003181640861608903e+05
4.088096271381372935e+05 3.462128715574040543e+05
1.856468412583200552e+05 4.888575364275379252e+04
4.659511739212764078e+05 2.421049033094089828e+05
4.396014034201370669e+05 1.765148019331386313e+05
3.340930973498250241e+05 5.749488457697257400e+05
4.309348764830784057e+05 2.357319297820625943e+05
4.155287245888217003e+05 4.675929164363380987e+05
5.323267708958763396e+05 2.071225480642980547e+05
2.751105993339080014e+05 9.330132067686503287e+05
4.790284623175989836e+05 4.716073061453460832e+05
3.410681070642970735e+05 6.302445390324910404e+05
3.000274969611102133e+05 2.520786422749716439e+05
3.343116322664659237e+05 1.947047721789723728e+05
3.434510336986505426e+05 1.902805366320738685e+05
3.681283354077735567e+05 2.427987365006778273e+05
3.269370230628741556e+05 7.049945118844831595e+05
3.195005127000726061e+05 7.913449621239674743e+05
3.235214659802570241e+05 1.982059155894903524e+05
4.908944459962758701e+05 4.134091039597911877e+05
3.114198635725781787e+05 7.464375735237537883e+05
4.066020131470581400e+05 6.089975169568435522e+05
5.073759317341141868e+05 4.681696208988021244e+05
4.934422547827506787e+05 4.613134377473628847e+05
2.934820409247160424e+05 6.741386661500365008e+05
5.232632865730591584e+05 4.277656889938854147e+05
3.566202625524629839e+05 9.224719402088377683e+04
3.539759080021615373e+05 1.396106609280943521e+05
2.261652336902123061e+05 9.105170951065220870e+05
4.835114956234971760e+05 1.688740861878668948e+05
2.079623757719159476e+05 9.083982125887742732e+05
3.334437324805282406e+05 1.252792812668377301e+05
3.592296456840169849e+05 2.352800458157827670e+05
3.368390981739319395e+05 3.904190921538630500e+05
3.588701983433401911e+05 4.302330840290589258e+05
5.227976662052031606e+05 2.657859011193191982e+05
1.858109449568337004e+05 2.240485602913097246e+05
4.675424461049950914e+05 3.848011918979241746e+05
5.057245210195526597e+05 1.898596361570296867e+05
1.942023382567538647e+05 7.195211839420128381e+05
2.337604779466072505e+05 9.349468421034477651e+05
5.891448520984051283e+05 3.314474033061106456e+05
2.642758635218992713e+05 2.521917158411553537e+05
4.920180874845995568e+05 4.275240947305854061e+05
2.421563666205322370e+05 9.572857886093780398e+05
3.073902116339334170e+05 3.515446650863819523e+05
5.643069017243338749e+05 3.116053366752004949e+05
4.307517138877718244e+05 2.234929013989212399e+05
5.133220883745015599e+05 1.566744392658408324e+05
4.543278095883097267e+05 1.695231112155373557e+05
3.326962406465526437e+05 1.647125535379335051e+05
3.372177529136775411e+05 1.535345081259236904e+05
3.078073797625768348e+05 2.254328245271240885e+05
5.630505390285557369e+05 1.258756927728986193e+05
3.326933530346882180e+05 6.082905600766486023e+05
3.646619697826782940e+05 8.151176952301878482e+05
2.593716079020432953e+05 3.521399069087250391e+05
2.845769648425715277e+05 1.954438598732848768e+05
2.910335954032987938e+05 5.723070311743286438e+05
3.258059599081071792e+05 2.985206725738503737e+05
4.396543894100502366e+05 1.135460878158366104e+05
3.714543458257594611e+05 6.619304820643530693e+05
3.604217341945930384e+05 6.178389254909995943e+05
2.502661804611241096e+05 7.799722561241971562e+04
2.430819303763108910e+05 5.503311063463072060e+05
5.128434762960474472e+05 3.880399209262591321e+05
3.025037818395851064e+05 8.398416389200068079e+05
2.058167749565800768e+05 8.021545990244313143e+05
2.742568831416160683e+05 3.048306674839077750e+05
5.184010263105981285e+05 4.075843267354996060e+05
5.144986945469549391e+05 4.198879972526113270e+05
3.825020055757238879e+05 1.926163472880368645e+05
2.083362784549532225e+05 8.775730914547434077e+05
3.566529475540203275e+05 1.529053087745122029e+05
5.401917677507409826e+05 2.500416775028662523e+05
2.679556768812775263e+05 5.741802746231523342e+05
1.944507790500569390e+05 8.120483824902522611e+05
3.605704638608595706e+05 8.323244412499002647e+05
5.329103177360596601e+05 3.035163650732569513e+05
3.263130945472838357e+05 5.144500107811499038e+05
4.313771110617741360e+05 4.781936519071322400e+05
5.249007738183059264e+05 3.824157518681635847e+05
3.538528786431838525e+05 4.867163055020384490e+05
3.655926223669883329e+05 3.960047734160198015e+05
5.924436847300722729e+05 2.674499325139291468e+05
3.551932614021092304e+05 5.195617927477584453e+05
2.139261467483533197e+05 8.065334152624715352e+04
2.714405228482774692e+05 6.726159260987207526e+05
2.493518004177264520e+05 8.944604458133250009e+05
3.809932669641441898e+05 8.959707958242605673e+04
6.372107708679849748e+05 2.699221161029681680e+05
4.769821322956429212e+05 4.200510050598758971e+05
1.788371705808165716e+05 7.873780350096654147e+05
5.527167820084678242e+05 3.035219240353336791e+05
2.640443624606437515e+05 8.936587043005381711e+05
5.287799136172517901e+05 3.534056515766886296e+05
2.226907669483359787e+05 9.321873921038709814e+05
3.350222155652412912e+05 5.018484312858813792e+05
2.193702489096380596e+05 9.201121676388673950e+05
4.264726216992461123e+05 5.475719032462299801e+05
1.603245262967692106e+05 3.448261252918243554e+04
5.765702518412825884e+05 3.201861738674630760e+05
3.761333030422878219e+05 4.055020095215013134e+05
2.623064259995431639e+05 9.484790188860287890e+04
3.948401726950897719e+05 2.879749183218649123e+05
3.702476507205854869e+05 1.800572206307560846e+05
6.058760196328131715e+05 1.558579075597614574e+05
4.550485524442101596e+05 1.394397756549401092e+05
3.812479548638698761e+05 3.502969096925608465e+05
3.098702271369196824e+05 2.769551051968829124e+05
4.134861162327447673e+05 5.306823226239377400e+05
2.895360239770322223e+05 2.391050843140979123e+05
2.093049308367534250e+05 2.142256380443340167e+05
2.672094410011116415e+05 7.375512095514159591e+04
6.059486926281523192e+05 3.087612038625612040e+05
2.647435454782407032e+05 1.141716558974130166e+05
4.050215532469823956e+05 1.414225944007045473e+05
3.386878768271602457e+05 8.343059688121937215e+05
3.089142654605080606e+05 1.792958463340659509e+05
4.607910929832772817e+05 4.108188324451894732e+05
5.275108778600094374e+05 3.673330826031594770e+05
1.795459340645384218e+05 6.570764761420844588e+05
1.889051564453966566e+05 7.731496870251746150e+05
5.383443586909406586e+05 3.453214634058836382e+05
5.465057871900097234e+05 1.380011504847619217e+05
2.966373642044530716e+05 1.343717419168266642e+05
1.920016947741147887e+05 8.926835051164329052e+05
1.854237884763889015e+05 8.865483544754198520e+05
2.617821197230754187e+05 9.414048438216014765e+05
3.020608264248836203e+05 7.039429533726756927e+05
2.679244787852754234e+05 3.653821562732494785e+05
3.412361815282816533e+05 1.829822638662114332e+05
2.050789612215873494e+05 6.966389892389932647e+05
6.159924764962972840e+05 1.436404654059229069e+05
4.145166377035867772e+05 5.013045215338154230e+05
2.113111963891460910e+05 9.174248084936229279e+05
6.007295560162183829e+05 1.322486260061420617e+05
2.420208938114565972e+05 7.402579883965980262e+05
3.184073230269539054e+05 8.369994752628846327e+05
3.155605923841006588e+05 1.899956409737591748e+05
3.960179807989702676e+05 3.075305629640254192e+05
3.535750760183858802e+05 6.732805495837864000e+05
2.361431983512578008e+05 2.303510103339399211e+05
4.192761199114436749e+05 2.077323566543337947e+05
1.549498725090648222e+05 7.621224387601158815e+05
2.170795804658349662e+05 8.782338113841013983e+05
2.234802959836043592e+05 7.238759753408343531e+05
2.300543926369065302e+05 7.917184624821915058e+05
3.181276726005334640e+05 7.171735465976682026e+05
3.741264276369530708e+05 3.422687096520201885e+05
5.412847079429405276e+05 2.972204854042216321e+05
5.407363267594951903e+05 2.338815329481966037e+05
3.744929333586969879e+05 1.880604000990341010e+05
3.470199003733395948e+05 1.483524556636084744e+05
3.343857749708011979e+05 6.196677369156354107e+05
3.169151414918697556e+05 9.458128462241278030e+05
3.245915604076908785e+05 7.407692260216069408e+05
3.414104066430142848e+05 5.666013128552644048e+05
6.292091105148303322e+05 3.223144766341299983e+05
2.295335752290100791e+05 5.886130048062958522e+05
2.896200989082308370e+05 9.475616985637373291e+05
3.108979903661762946e+05 5.126596906436206191e+05
2.405882463490560476e+05 6.826188466196196387e+05
2.565513804747721879e+05 1.957101552622874733e+05
2.698696841194294975e+05 2.026682369139379007e+05
1.956336535154534504e+05 6.168413129353258410e+04
3.908288998112912523e+05 5.526617895035011461e+05
4.385590365798725979e+05 2.163431018855968723e+05
3.273442498635847587e+05 4.718830683734086342e+05
6.383316694269625004e+05 3.096885649882173166e+05
3.714565479066788685e+05 5.661921383132969495e+05
4.470625711667328724e+05 4.866580890212731902e+05
3.879764230151067604e+05 1.304547686761352525e+05
3.401323196409985540e+05 1.633109752870576340e+05
2.287550679905659636e+05 6.642141558438077336e+05
3.405377490218009334e+05 7.651495991114770295e+05
3.511988687092752662e+05 1.973550209947797994e+05
4.629823970085268375e+05 1.272305814032689814e+05
2.245768051729427243e+05 6.886996001601088210e+04
6.197335366183840670e+05 2.342698497792788548e+05
3.413967102503791102e+05 1.385274774889993714e+05
2.048255499693701568e+05 8.690774091890524141e+05
2.862794165917730425e+05 3.160260364338498330e+05
4.564079969661954092e+05 3.889740227119268384e+05
4.894583453724983265e+05 1.067235676055186341e+05
3.962567055832342594e+05 5.871029788466710597e+05
2.846576713892623666e+05 3.385371404542335076e+05
3.902446703098061844e+05 6.329225122887569014e+05
4.686602069383831113e+05 1.637684457193998678e+05
2.085997192326632794e+05 5.647027158315061824e+05
3.415106013204248738e+05 4.898670040206303238e+05
6.053345311458641663e+05 2.761148633263819502e+05
2.297604703517190937e+05 9.619788347786512459e+05
5.118230990141413640e+05 3.985868580357077881e+05
5.020308510744886007e+05 1.677178409014673962e+05
3.092790855928665260e+05 1.060992699583095673e+05
3.604870431131820660e+05 4.466979043139138957e+05
2.652265588782220730e+05 6.618211935922087869e+05
2.685921656180843129e+05 3.390247677327924175e+05
3.559788474352058838e+05 3.469308285725499154e+05
2.331306084083688329e+05 6.030913661306742579e+05
5.551816773778580828e+05 1.096152964731391548e+05
4.052469742092847591e+05 3.124178118773022434e+05
3.537623693460451323e+05 7.406673764085953590e+05
2.822548171628310229e+05 6.696699662807676941e+05
4.784185677594378940e+05 1.281640559892096790e+05
2.428614845539464732e+05 8.849008863367132144e+05
5.348981812861040235e+05 1.951230688234776026e+05
4.524764643474408658e+05 2.246388307357280864e+05
2.531279657583285880e+05 8.448324815708611859e+05
2.248962048410318384e+05 2.188691409655761672e+05
2.740292369801240275e+05 8.919037044422196923e+05
5.183881864402444335e+05 2.930307402711737086e+05
4.289647848226925125e+05 2.113671093606724753e+05
5.026025965850838693e+05 4.198006409334118944e+05
2.696618355164681561e+05 8.390717359652237501e+05
2.797367330598993576e+05 5.691791861226852052e+05
3.496980327914358350e+05 2.384446682903335604e+05
3.601498831111250911e+05 2.079389677320790943e+05
2.967910736583836260e+05 2.295911464001561981e+05
4.675990675485418760e+05 2.318147796238966112e+05
2.827755937776362407e+05 6.839105899713290273e+04
4.048034752498608432e+05 3.252569324021724169e+05
3.292786852018691716e+05 2.855051893272799789e+05
2.532461769230118662e+05 6.238189328153493116e+05
3.843614785656920867e+05 5.664804861803908134e+05
1.855035001871143468e+05 8.564995550682530738e+05
2.496648207648956450e+05 6.085951445983103476e+05
