2101 2925 3177
1055 30 2345
23 1586 2244
1586 2287 2910
74 75 3448
1999 1655 2976
2192 1309 2194
1125 2134 2403
2417 1858 2627
2125 1356 3105
557 573 2198
2847 2701 3228
2584 2524 3106
215 436 2073
29 1016 2992
2134 1125 3189
1010 2178 3097
1539 264 2323
1631 1868 2150
2073 436 2729
2925 274 3177
2757 3073 3141
1101 2074 2076
2591 2376 2882
2194 1309 2266
2315 2497 3126
1305 173 2354
264 623 2323
2960 774 3023
1882 2447 2448
1232 2138 2819
23 24 1586
1882 2448 3061
566 2059 3323
623 656 2323
1234 1232 2819
2525 1701 2526
1081 1189 2274
2024 1236 2474
2538 1918 3155
750 878 2433
2701 1897 3228
50 1050 2126
2488 1717 2954
2141 1673 2515
173 174 2354
1795 273 1900
3173 2031 3319
3073 2186 3141
2244 1586 2910
1351 1345 2620
840 2591 2882
1655 1999 3077
1236 2024 2743
131 132 2544
792 765 2183
2132 524 3327
1841 291 2224
274 275 3177
1245 2158 2160
1622 2439 2448
524 2132 2674
1804 1986 2971
136 137 1399
2110 2265 3005
2129 1853 3217
839 297 2130
1495 2043 2455
2230 2078 2900
341 342 2987
764 2141 2515
54 1431 1823
2035 2327 2857
2318 1539 2320
1730 2759 2784
2059 566 2520
2355 2477 2798
1753 2951 3047
1987 2960 3023
634 2417 2627
643 2584 3106
2961 3153 3201
266 1932 2988
2078 2230 3328
2088 966 2089
183 1575 3017
2345 30 3213
2208 280 3349
2477 1981 2798
1982 2591 3143
1304 356 2135
700 750 2433
131 2544 2545
2829 2588 3187
161 3173 3319
834 131 2545
417 35 2108
351 352 2215
2258 1651 2259
205 1360 2113
181 699 2227
290 291 1841
1557 2136 2253
2426 1456 2463
1925 284 3338
2006 1550 2048
2178 2180 3097
2142 1533 2603
2447 1882 3117
2123 1356 2125
2390 2315 2823
1016 1417 2992
2756 2545 3274
1650 1651 2258
2327 2458 2857
2105 1564 2690
573 586 2198
2237 1798 2455
299 300 298
195 196 512
1650 2258 2260
16 17 2752
185 186 2207
2334 1950 3055
1652 1650 2260
1764 2246 2247
2187 1861 2243
159 161 3319
2062 3226 3393
228 230 3025
2290 937 3013
183 184 1575
1853 1058 2145
1756 2372 2762
1320 2069 2902
1812 2174 2852
1459 2893 2911
417 2108 2109
2285 1459 2911
1351 2620 2949
1882 2921 3117
748 778 2541
1614 2749 2885
1485 252 2107
2154 100 3082
2043 1495 2454
2244 2014 2930
1008 2516 3491
3073 2757 3359
2905 1109 2988
934 792 2183
1631 2150 3067
1806 2256 2921
1647 202 3150
76 77 2471
2591 840 3143
2039 339 2987
2372 1756 2824
2397 784 2598
1658 796 2384
49 50 2126
2067 2397 2598
135 931 3501
2142 2603 2605
198 199 2285
31 32 3213
1347 1225 2288
273 274 1900
263 1539 2322
199 1459 2285
1588 2213 2225
111 112 3258
2034 2117 2724
2426 2463 3302
231 232 647
714 2121 2303
2117 2034 3119
1708 2710 2907
1438 1959 2140
2230 1311 2692
1063 2538 3155
2103 2343 2344
2299 2325 3036
596 2187 2243
2082 1351 2949
1900 274 2925
2998 3217 3219
1968 10 2488
177 178 2477
202 203 3150
937 2405 3013
2351 1784 3300
237 1359 2618
2580 2579 3037
80 81 2330
2046 2010 2798
163 164 475
2125 663 2200
1912 2829 3187
330 2047 2851
2620 1345 3479
904 2952 3144
2327 554 2458
1356 98 3105
2741 2770 2883
2286 1866 2781
3226 2038 3393
2866 1091 2966
1008 2515 2516
2830 2470 2909
2162 1779 2288
1786 2073 2729
1753 2950 2951
272 273 1795
773 1698 2532
2346 2804 3081
2136 1816 2253
268 270 2072
279 280 2208
2323 656 2496
1714 2155 2156
2952 2601 3144
283 284 1925
2938 2351 3300
175 1758 2354
2439 1601 2448
1101 2076 2481
2053 991 2726
1771 2498 2507
66 1670 2735
1808 2756 3274
9 10 1968
966 2088 3084
1932 2905 2988
1869 1717 2488
298 300 2129
2320 1539 2323
2498 2096 2507
2776 1628 3075
315 316 2773
231 647 648
2790 2299 3036
175 176 1758
1056 2362 2717
2074 1101 2274
681 2334 3055
22 2244 2930
1245 2160 2288
3107 2257 3146
2128 1720 2887
2327 2035 3317
374 375 1501
2103 2344 2738
667 666 2350
3155 1920 3305
740 2723 3343
1262 1263 2212
132 133 2544
2347 1757 2766
1406 2542 2669
2009 1726 2570
2607 2489 3183
1659 2455 3272
996 2372 3269
14 15 2014
2209 1266 2210
339 340 2987
2974 1072 3070
99 100 663
2073 1786 2825
1823 1431 1879
145 146 1261
1223 1221 2373
165 166 2836
2391 2001 2938
2047 330 3365
122 123 3322
138 139 2265
1659 2237 2455
2330 1952 2898
1949 2489 2607
93 94 1413
2542 2541 2669
2274 1189 3415
1393 2097 2221
867 2106 2478
1987 2583 2960
1585 194 2316
3153 2022 3201
2141 2880 2949
129 130 128
2579 1103 3037
65 66 2735
895 2336 2377
2220 2927 3127
2265 2110 3181
761 185 2207
2880 2082 2949
751 701 2282
2500 2658 2972
127 2315 3126
85 86 2928
2960 2583 3267
1101 1081 2274
2207 186 3420
2210 1266 2225
701 810 2282
181 2227 3225
2470 2469 2909
1779 2162 2397
2479 2478 2731
37 38 3110
340 341 2987
1939 2739 2740
2176 518 2688
928 748 2541
2515 1673 2516
1459 2054 2893
928 2137 2540
2177 2745 2965
2246 1764 3318
1778 2081 2404
931 2206 3247
2119 1196 2366
2265 139 3005
243 244 2199
2215 352 2281
140 141 775
2121 714 2996
328 329 3278
2220 2677 2927
2126 1050 3418
2762 1008 3491
1900 2167 2772
1957 1055 2345
3017 1575 3328
2106 867 2481
1586 1461 2009
2673 1582 3498
312 3388 3410
2112 3155 3305
2315 2099 2823
470 463 2968
244 630 2199
19 20 2752
312 313 3297
1564 2105 2691
1087 2286 2781
2372 2824 3269
2081 1778 3500
126 127 2168
2836 166 3051
2136 2866 2966
56 57 3103
2158 1245 2373
3081 740 3343
1812 2852 3033
2054 1459 3190
300 1853 2129
316 317 1127
1235 2348 2914
2059 2374 3323
62 63 60
301 1058 1853
2759 2062 2784
2256 881 2921
1753 2782 2950
1242 2311 3242
3388 2042 3410
1249 2293 2381
1503 2165 2834
2522 591 2792
217 1112 2231
2526 1701 2896
1092 776 2292
2571 2483 2719
1550 2006 3346
2450 2307 2640
29 30 1016
2170 1818 2929
1051 2347 2766
1758 177 2477
236 237 2618
868 968 2481
2032 2744 3220
637 2087 3068
204 205 2113
2478 2106 2731
2230 2692 3160
86 87 2928
1051 2346 2347
2413 2802 2869
2010 2046 3204
195 512 526
2710 925 2907
1899 1898 3035
2001 1474 2938
1359 2616 2617
160 161 159
2046 2798 3093
1582 2673 2989
2163 1272 2413
163 475 476
491 489 2394
2175 1106 2738
1272 2163 2412
2798 1981 3093
2087 637 3237
2112 68 3155
895 3107 3146
2455 1798 3060
2213 1588 2417
817 2058 3041
1235 2914 3287
16 2752 2897
2450 2640 3152
2058 817 3224
1952 2707 2898
262 263 2322
1242 2270 2311
2100 2620 3479
1701 2525 3135
1259 2153 3496
2235 763 2941
2310 2776 3075
776 874 2292
2236 1473 2839
2014 15 2930
2951 2065 3047
193 194 1585
275 276 3177
1451 2234 2350
566 498 2520
1651 1622 2448
107 108 3063
1219 1217 2164
2069 1320 3145
120 2899 2979
61 62 60
1586 2009 2287
68 1063 3155
1351 2082 3335
796 362 2384
2023 741 3197
2745 1196 2965
2329 2333 3024
2524 2584 2939
651 2144 2934
26 27 3131
2050 3303 3386
3035 1898 3070
630 2152 2199
2137 928 2541
1451 2233 2234
1969 2392 2702
557 2198 2953
991 2053 2874
2097 1393 3209
1579 2243 2593
2759 1730 3301
2279 707 2280
53 54 1823
559 2249 3149
100 101 3082
3303 1990 3386
1779 1347 2288
2804 740 3081
334 335 2236
2175 2738 3439
3027 1869 3159
2532 1698 2587
2229 3017 3328
323 324 3188
1438 2140 2720
1968 2488 2954
251 1485 3293
269 270 268
329 2851 3278
39 40 2149
1346 267 2072
741 2023 3198
459 214 2073
2155 1714 2164
2167 1900 3438
2414 2580 2785
336 1473 2236
376 1 3324
222 2356 3220
60 63 3062
186 187 3420
2181 934 2183
1807 2329 3024
3114 775 3344
280 281 3349
2116 972 2583
103 104 3080
3235 3018 3324
2267 3132 3266
1658 2384 3375
1714 2156 2373
2404 2081 2826
1100 2904 2980
1934 3052 3279
2404 2826 3236
2028 1386 2255
178 1113 2477
2887 1720 3342
2146 583 2302
531 472 2557
928 2540 2663
1225 1245 2288
1986 1804 3505
35 36 2108
1481 2011 2205
216 217 2231
3217 1853 3219
39 2149 3436
1898 2974 3070
1246 958 2312
1947 1693 2454
243 2199 2672
2278 707 2279
1636 2114 3168
2279 2280 2888
1726 26 3131
1413 94 1897
2068 641 2120
356 357 2143
721 696 2941
2115 2311 2959
2201 1591 2449
2320 2323 2496
2243 1861 2593
1414 141 2917
2282 810 3461
252 253 2107
2061 2062 3393
1988 2534 3023
2204 59 3062
1869 2488 3159
2336 895 3146
1855 2098 2873
2943 1951 2977
1265 1325 2225
33 34 3316
2264 2461 3067
1743 2376 2591
1196 2119 2965
1655 2480 2976
663 2125 3105
666 1451 2350
1539 2318 2322
1087 2177 2286
46 1684 2405
2749 1997 2885
2518 2794 2809
2802 1017 2869
2216 1289 2278
2227 699 2228
2380 3010 3057
2183 765 3351
1709 2171 2809
1262 2212 2338
1866 1841 2224
2153 2169 3496
2089 966 2506
2140 1959 2611
2024 2474 3116
1263 1266 2212
1579 2593 3040
2111 1417 2991
2114 1636 3250
559 3149 3150
308 309 1397
2483 858 2719
2433 878 2747
2702 2392 3311
348 349 1970
2293 1940 3275
1245 1223 2373
2973 2908 3031
641 2068 3393
802 2469 2943
965 1151 2506
3052 1891 3279
2770 1398 2883
1162 2871 2976
602 2188 2189
126 2168 3469
3010 592 3057
417 2109 2247
329 330 2851
28 29 2992
1485 2107 2885
2580 2414 3214
124 125 1510
3080 104 3387
775 1414 3344
1016 30 1055
763 2235 3380
2726 1045 2813
3235 3 3246
2469 802 2909
96 97 2862
2534 1988 3340
1614 2885 3377
101 102 3142
2024 1763 2743
2195 1234 2819
2821 2787 3121
2644 1713 3285
292 293 815
1590 2315 2390
498 492 2520
1692 2165 3122
2128 1692 3122
1714 1219 2164
2541 778 2669
696 667 2350
2362 1056 2895
1305 2354 2355
2624 1989 3253
959 2961 3201
2956 1732 2975
1125 2519 3189
141 142 2917
2649 1381 2691
2627 1858 2890
1635 2338 2877
972 2116 3119
1935 1099 3296
1186 4 2983
1361 773 2532
1720 2128 3122
361 362 598
2904 2000 2980
867 868 2481
2744 1772 3220
2735 2204 3062
3285 1713 3304
2957 3043 3089
294 295 2341
2792 591 3432
2888 2280 3506
2039 3399 3424
195 526 528
2213 2210 2225
2658 930 2972
2530 2017 2773
1221 1714 2373
2138 1232 3486
1201 2248 2724
122 2202 3243
2066 1749 2218
3053 2464 3065
588 585 2334
2310 575 2776
2378 2039 3424
315 2773 3336
991 277 2726
1478 1591 2201
267 268 2072
3277 1935 3296
2113 1360 2759
958 993 2312
3231 937 3369
208 641 2038
1344 2330 2898
2270 1755 2311
3084 2088 3484
1764 1755 2270
1480 3065 3102
1772 222 3220
2410 2400 2677
1377 1888 2309
1261 146 1527
2573 2094 2625
1647 2054 3190
45 46 2405
933 3243 3310
2379 1312 2380
59 60 3062
1325 1588 2225
2616 1359 2848
2443 2385 2846
2009 2570 3339
17 18 2752
1381 2239 2691
968 1101 2481
3094 2293 3275
663 100 879
1346 2072 2772
2087 1958 3068
2247 2109 3489
2338 2212 2877
1675 491 2394
36 37 2086
225 226 440
450 448 2413
2848 643 3106
322 323 3188
635 1235 2190
2739 1939 3192
1359 2617 2618
436 2197 2729
598 1249 2381
2208 1805 2548
2063 2680 3424
1694 1867 2359
802 2943 2977
1045 2208 2548
2601 1713 2644
1712 1480 3102
1765 2741 2883
143 144 3008
2151 1388 3285
2557 470 2968
1147 1149 2268
2707 1952 3130
3043 2194 3089
2311 2312 2959
2461 2264 3238
1688 2276 2836
1994 2991 3073
2053 2726 2813
2480 1655 2652
2616 2848 3106
1272 450 2413
575 2310 3183
2380 1312 2704
2118 2492 3320
1092 2292 3295
2435 497 3175
2184 1161 2268
1670 2204 2735
1323 1134 2287
2929 1818 3307
2101 991 2874
194 195 2316
2144 651 3157
497 2435 3227
147 148 3495
2143 357 3362
91 92 1952
3007 2429 3239
2455 2043 3272
2717 2362 3186
2036 1708 2907
459 2073 2825
1757 74 3448
1866 2224 2781
2202 2079 3243
2164 1217 2637
361 598 2381
2881 2872 3487
1904 1573 2760
2489 575 3183
1377 2309 3209
1693 2043 2454
2136 1557 2866
2186 1418 3133
1442 2480 2652
1897 2701 3474
2836 2276 3493
1958 2087 3236
2188 602 2411
489 602 2394
2098 1855 3231
2570 1726 3131
1456 2426 3294
1461 26 1726
1201 814 2248
1266 1265 2225
1017 2166 2869
158 159 3319
2782 1446 2950
2120 925 3245
1143 143 3008
25 26 1461
1919 1420 3182
1755 1246 2312
1072 864 2277
1025 2872 2881
1903 2291 2536
2176 2688 3364
2690 1564 3367
1388 2151 3123
1878 158 3319
1057 351 2215
925 2120 3445
1882 1806 2921
2794 1709 2809
242 2672 2995
2283 1157 3056
334 2236 3163
2825 2070 3222
1422 319 2929
1092 2121 2996
815 293 1082
1266 2209 2212
3160 1421 3457
164 165 2172
1470 1481 2205
681 588 2334
2302 1904 2760
1289 2216 2281
2497 1967 3126
2403 2134 2956
1853 2145 3219
934 2181 2511
696 2350 2941
1143 2295 2298
1210 2605 2653
2658 2500 3282
577 2957 3101
2829 1912 3124
1922 2236 2839
237 238 1359
1161 1147 2268
1356 2123 2861
2026 3006 3038
761 2207 2611
67 68 2112
110 111 3064
917 96 2862
2141 764 2880
2822 1439 3090
2206 2205 3247
112 113 786
2273 933 3310
242 243 2672
583 2146 3223
2150 1868 3000
1421 2226 3457
2 3 3235
2291 1623 2536
2540 1854 2663
378 285 1871
128 130 3444
1418 2186 3073
43 937 3231
2038 641 3393
2094 2573 3347
1417 2111 2992
1027 2501 2868
1970 349 3084
318 319 1422
108 109 1785
2398 681 3429
2321 1434 2363
2177 1087 2745
2269 1767 2686
752 2585 2637
324 325 2012
2041 2274 3415
775 2110 3005
331 332 1554
839 2130 2359
231 648 2778
1463 2821 3121
2197 436 3001
2828 1685 3014
15 16 3381
319 320 2929
864 866 2277
1713 2601 2952
472 470 2557
240 241 2995
1434 1285 2363
1307 2026 3038
1072 2277 3070
834 2823 3444
2383 531 2557
2431 562 2918
284 285 378
2233 1577 2234
834 2756 2823
2492 1201 3320
97 98 1356
2428 2369 2634
2300 1878 2301
892 2250 2332
1261 1566 2986
1434 2321 2364
681 3055 3429
1572 1570 2383
1113 1981 2477
2068 2061 3393
2339 1867 2777
1918 1920 3155
2166 1017 2901
2280 2947 3506
2661 2894 2982
1977 2329 3172
2991 1418 3073
1662 2443 2846
2086 37 3110
1272 2412 2761
300 301 1853
582 2558 2559
1689 1960 2276
2076 2106 2481
2185 1193 3250
2105 2649 2691
1669 2829 3124
1842 1866 2568
2267 1484 3132
2491 240 2995
618 2886 3256
2899 2174 2979
2180 2537 2863
2241 596 2243
294 2341 2854
2234 2235 2941
656 2432 2496
1500 3006 3120
1399 137 3507
2230 2229 3328
2379 2365 2699
2006 2048 3309
2353 1635 2375
3265 2143 3275
1127 2530 2773
2400 2410 2420
2785 2580 3037
1989 2624 2780
316 1127 2773
1151 1534 2506
2110 775 3114
2191 3007 3239
1867 1400 2777
311 312 3410
1186 2983 3262
1777 2428 2634
367 368 3300
2336 2335 2377
2153 1259 3048
1481 1808 2011
966 965 2506
1311 2230 2900
2381 2293 3094
1312 2379 2699
1866 2286 2568
2066 2218 3461
157 158 821
2171 1709 2940
991 2101 3177
1940 3265 3275
3240 1899 3343
1127 317 3437
1764 2247 3072
224 225 1256
2178 1010 3137
3116 2085 3208
1952 2330 2994
203 204 559
2871 1999 2976
100 2154 3221
1652 2260 2261
1977 3172 3194
1533 2142 3045
89 90 2682
1739 1435 2364
2516 1673 2860
2218 2282 3461
2585 2164 2637
1584 1057 2215
1 3235 3324
1469 1831 2468
1158 2304 2806
2019 2100 3479
1045 2548 2813
1344 2898 3315
2409 1028 2420
13 14 639
2808 1327 3098
682 2190 2294
2054 1647 3459
2239 1381 2849
1285 1138 2363
337 338 3470
27 28 3131
2484 1886 2786
2145 1058 2251
2216 2215 2281
2263 973 2264
1776 2990 3429
2196 1200 3257
2332 2250 2703
635 72 1235
834 2545 2756
2703 2250 3251
2135 356 2143
2163 2413 2869
2292 874 2357
220 221 741
250 251 3293
2131 1687 2542
1397 2703 3251
1106 2175 2904
253 254 1157
814 836 2248
487 485 2411
598 362 796
192 193 1627
2028 2255 3352
291 292 2224
1496 1864 2232
1584 2215 2216
1984 1719 1985
2338 1635 2353
2049 2331 3452
1765 2195 2819
36 2086 2108
1645 2173 3088
1788 2894 2919
123 124 3322
2361 258 2985
3087 3086 3113
1152 1057 1584
2152 630 3029
1029 1028 2789
2680 2063 3169
2160 2162 2288
2410 2409 2420
233 234 2037
684 2258 2259
1212 2242 3471
1688 1689 2276
2674 2132 3056
855 749 2377
1004 2308 2411
314 315 3157
2902 2069 2911
142 143 1143
1193 2185 3133
1685 1820 3014
2052 1572 2383
822 1878 2300
818 2890 3266
1109 2905 3413
3243 2079 3310
1386 1152 2255
942 891 2333
2022 3136 3201
1470 1216 1481
1923 1355 2335
602 2189 2394
2121 1092 3295
3136 1253 3201
749 895 2377
41 42 1855
1397 309 2042
1341 1788 2919
821 158 822
1684 47 2796
2007 2822 3090
1323 2287 3339
192 1627 2064
1747 1745 1982
1149 1331 2268
281 282 2676
116 117 1812
1332 2731 3178
463 755 2968
2489 1949 2791
18 19 2752
213 214 459
332 333 1818
2300 2301 2343
1555 1116 2328
1775 1913 2865
2190 1235 3287
1818 2170 3289
2932 1919 3182
2990 2398 3429
2167 1346 2772
1778 2067 3500
2195 1765 2883
77 1426 2471
2653 2605 3355
2342 839 3409
2025 3116 3208
774 1988 3023
2370 579 2559
822 158 1878
2932 2196 3257
1588 1483 1858
1694 1400 1867
1749 1747 2218
2096 2095 3494
2292 2291 3295
932 1047 1090
1923 2336 3254
2357 874 2574
2075 1774 2304
2271 458 3096
1325 1483 1588
1751 1749 2066
1556 2092 2326
1159 1216 1470
364 365 3259
1985 2201 3112
197 198 2285
2282 1982 3143
1757 2347 3218
2331 2049 3033
570 582 2559
579 570 2559
1435 1434 2364
1193 1055 1957
1989 1904 3253
607 649 2528
2223 1218 3156
642 283 1925
6 896 1395
1355 1190 2335
2239 2675 2691
528 568 572
1518 1470 2205
1719 1478 2201
2072 270 3312
2064 1627 2065
2100 2019 3455
1875 2431 2918
1688 1375 1689
2326 2092 2327
1544 1547 2588
2147 1618 3434
1309 1222 2266
1923 2335 2336
1960 1961 2058
2834 2165 3129
2027 2349 3405
2957 1966 3101
2501 1027 3282
2470 947 3450
1268 1496 1524
1689 1725 1960
559 204 2113
352 353 3028
1480 3053 3065
1138 929 2456
1784 367 3300
1084 1082 1542
1150 1375 1688
1721 2272 2273
1864 2346 3081
2688 1948 3364
936 880 959
127 128 2099
1933 2956 2975
358 359 1504
2363 1138 2456
1116 887 2328
102 3080 3142
866 1268 2277
2402 1909 3230
946 2569 3214
151 152 1390
1761 2971 3042
1618 2147 3171
1773 2074 2274
2017 2530 2774
1747 1982 2218
306 307 2250
2173 1645 3400
1970 3084 3484
170 171 770
1042 1037 2289
2246 417 2247
116 1812 2049
1524 1496 2232
1084 1542 2339
151 1390 2203
278 279 1045
1174 1172 2446
500 473 2761
1278 1097 2376
2261 2262 2870
378 2795 3338
2349 2027 3045
1518 2205 2206
2467 2469 2470
582 2518 2809
2254 1578 3191
3494 2095 3498
948 1236 2396
2667 2742 3434
1028 2409 2789
2156 2158 2373
2218 1982 2282
2343 2301 2344
1582 2989 3245
1950 2428 3055
163 476 2814
440 226 1804
2289 1544 2588
2228 699 2229
1811 1692 2128
1222 1224 2266
1721 1545 2272
2466 1468 2467
2242 1212 3128
1510 125 1511
1193 1957 2114
1831 1951 2943
1919 2932 3257
347 348 1073
1819 2305 2491
918 919 932
675 1968 2002
2014 2244 2910
2121 1781 2303
920 2300 2343
1731 2532 2587
1522 1685 2079
1570 2382 2383
342 343 746
1395 896 1396
256 257 524
1960 1725 1961
548 1430 1521
648 676 677
1744 1743 1745
2359 1867 3409
1934 1958 2826
1948 2688 3205
1478 1477 1591
572 629 631
1795 1900 2772
1746 1745 1747
167 168 1150
1159 1090 1216
1172 1394 2446
528 572 1102
602 487 2411
1649 2419 2509
1142 1335 1336
3063 1785 3193
1331 1445 1561
2432 2364 2496
1201 2724 3320
2608 3026 3083
6 7 896
2675 1564 2691
932 919 1047
1561 1583 1875
1083 1082 1084
1354 1190 1355
894 892 2332
1775 1355 1913
1948 1520 3003
2228 2230 3160
2367 1628 2606
2581 2740 3311
276 277 991
919 871 920
1163 942 2333
205 206 1360
1920 2955 3305
682 635 2190
301 302 1058
2308 1004 2654
221 222 1772
794 934 2340
2371 607 2528
2530 2529 2839
1465 1468 2466
625 626 2349
1535 3219 3417
1383 1477 1478
1819 1408 2305
22 23 2244
2308 2188 2411
670 635 682
3009 1993 3087
2569 946 3162
879 100 880
1354 1355 1775
2217 2216 2278
2284 755 2999
2486 2476 2646
71 635 670
2537 2180 3449
1154 1859 2639
731 1442 2652
2114 1957 2115
2157 857 2360
1956 1955 2033
903 12 2029
1883 2357 2574
2309 1888 2310
1150 1374 1375
1623 2438 2536
1561 1445 1583
1045 279 2208
2211 2213 2214
885 809 2386
639 14 1132
2475 2407 2687
1395 1474 2001
244 245 630
518 2176 2981
1440 1822 2395
1985 3112 3487
1280 2484 2786
1042 2588 2829
2558 582 2809
1545 1546 2272
2030 2029 2151
1339 1556 2326
127 2099 2315
1879 1431 2080
178 179 1113
1640 1955 1956
2353 2375 2629
1672 1278 2376
3254 2336 3406
368 369 1692
2252 1047 3200
34 417 2246
1687 2137 2542
1039 1042 2555
1913 2840 2865
1298 2508 3040
2226 1421 2800
1155 1090 1159
1956 2033 2034
2187 596 3425
277 278 2726
2710 1582 3245
154 155 1103
251 252 1485
1316 1315 1317
572 631 2595
2058 1961 2059
485 1004 2411
1073 348 1970
1857 2370 2559
1026 855 2377
1113 179 1553
878 781 2492
1774 2294 2304
1106 1105 2487
1739 2364 2432
1743 1672 2376
2471 3450 3502
903 2029 2030
2203 1390 2750
1844 1842 2568
987 846 1217
102 103 3080
2843 3027 3357
1544 1336 1545
2095 2673 3498
2375 801 2629
1133 1134 1251
3151 321 3188
1325 1326 1483
1501 375 1502
46 47 1684
2340 934 2511
2483 2571 3021
215 216 436
2259 1651 2447
649 1008 2528
1745 1743 2591
2315 1590 2497
1036 1141 1142
1574 1989 2374
1105 1255 2487
174 175 2354
905 2314 2486
920 871 2300
1218 2223 3396
631 687 688
1042 2289 2588
556 607 2371
2041 1773 2274
1262 2338 2352
1985 1719 2201
2273 2272 2899
1015 873 2365
1442 2479 2480
2173 908 2378
2191 1327 3007
68 69 1063
1190 1026 2335
2074 1774 2075
1916 2657 3263
1040 1100 2670
1259 2240 3048
2808 3098 3261
1830 2292 2357
2251 1058 3092
2354 1758 2355
535 532 2382
2410 2677 3211
1547 1545 1721
1100 2513 2670
2731 2077 3178
2314 905 2494
207 208 2038
2667 882 2742
775 141 1414
2947 2280 3229
1128 1664 2566
2328 1091 2866
1742 1672 1743
338 2021 3470
1872 543 2393
1689 1701 1725
532 531 2382
1383 1382 1477
1413 1897 2706
196 197 2069
900 846 987
1282 2441 2564
2030 2151 2238
436 2231 3001
2716 1870 2763
2321 2320 2496
1152 1584 2254
2657 1054 2671
1615 2365 2379
473 1272 2761
1133 1132 1134
1370 1881 2556
2324 1155 2325
195 528 2316
631 671 687
1259 304 2240
1974 2927 3136
1340 1339 2326
1441 1440 2395
2172 165 2836
1268 1524 2277
48 49 520
338 908 2021
95 96 917
1426 1465 2466
2076 2075 2077
58 59 1200
2441 1677 2564
2843 1869 3027
1640 1954 1955
1846 1962 2362
1183 1180 2539
1236 1080 2474
2346 1051 2804
1004 2415 2654
81 82 2682
2228 2229 2230
1036 1034 1141
1883 1541 2388
760 694 2621
1535 1400 1694
2211 2210 2213
2465 2367 2606
2457 1653 2562
1168 1166 2369
1000 885 2386
1496 1497 1864
1905 2220 3127
368 1692 1811
184 185 761
2472 1307 3038
1983 1719 1984
2021 908 2173
1217 846 2637
2016 1644 2144
2798 2010 3291
1268 1367 1496
1395 1396 1474
1335 1568 2331
836 1640 2248
1913 1923 3206
1774 1352 2294
1200 59 2204
931 135 3280
253 1157 2107
836 1639 1640
2005 1518 2206
1943 1944 2295
1392 1563 2358
130 131 834
1322 1177 1573
2163 2159 2412
936 959 960
2385 1000 2386
1781 1548 1782
1486 1470 1518
3006 2026 3120
1859 2464 2639
1956 2034 2724
1117 1116 1339
1199 1198 1440
700 2433 3164
2311 2115 3242
458 115 3096
987 1217 1218
1491 2369 2428
2898 2055 3315
1151 1057 1152
1442 2478 2479
2157 2360 2412
1440 1733 1822
1773 1352 1774
937 44 2405
2475 1654 2509
2311 1755 2312
1574 1904 1989
1117 1339 1340
475 164 2172
1083 1084 1085
1782 2210 2211
2382 531 2383
1305 2355 3291
3170 2997 3180
1075 1119 1120
965 351 1057
932 1155 2324
1718 1478 1719
222 223 2356
1623 1187 2438
905 2486 2646
1177 1174 2446
181 182 699
1240 2696 2748
1322 1573 1574
1142 1336 1544
2266 1224 2422
581 579 2370
1969 1276 2392
675 9 1968
8 9 675
2295 2296 2298
908 339 2039
342 1437 2987
1146 1161 2366
1574 1573 1904
1686 2716 2763
1830 1623 2291
2171 2558 2809
862 1072 2368
1911 2865 3314
1561 1875 2184
43 44 937
857 661 2360
1070 887 1116
1556 2091 2092
2261 2260 2262
799 771 846
1426 2466 2471
11 12 903
918 871 919
266 1346 1932
1319 2457 2562
2399 1253 2401
1977 1458 2329
1776 1458 1977
887 831 2328
2011 1808 3274
282 283 642
459 2825 3222
2444 2445 2565
190 191 3139
625 590 626
1339 1555 1556
908 2039 2378
1018 2399 2400
1352 682 2294
892 306 2250
1881 2482 2556
2947 2431 3506
2151 2029 3123
571 1628 2776
2613 2308 2654
1909 2402 3335
2419 2418 2509
589 588 590
2159 2157 2412
40 41 2149
1842 1841 1866
1666 1899 2502
1767 2269 2889
1541 1403 2388
918 932 2324
1150 168 1374
247 248 950
1831 1832 1951
1611 2444 2565
1191 1190 1354
1429 1548 1781
77 78 1426
958 901 993
1773 1774 2074
1171 1168 2369
2419 1649 2613
1018 964 2399
1314 1316 2389
2419 2613 2654
1403 1402 2388
1545 1336 1546
803 794 2340
1276 1053 2392
1229 1015 2365
1830 2357 2388
1396 1494 1495
879 880 935
1654 1649 2509
255 256 2674
2120 641 3445
1748 1747 1749
828 827 2514
2396 1236 2743
1461 1586 3485
709 691 2708
811 1260 2465
2146 1950 2334
1616 1615 1850
1465 1467 1468
906 1012 2581
521 522 563
1429 1407 1548
3056 1157 3195
2217 2278 2279
1803 1491 1950
589 590 625
1782 2209 2210
44 45 2405
1366 1391 1392
1231 1229 1615
34 35 417
768 306 892
1787 1541 1883
484 486 2495
2890 2267 3266
1591 2306 2307
1850 2379 2380
1039 1037 1042
1457 1163 1458
631 688 2595
1142 1141 1335
1073 1970 2425
1263 1265 1266
2366 1161 3234
1327 2191 3098
495 496 521
893 892 894
1231 1615 1616
2772 2072 3312
2467 2468 2469
2144 1644 2395
915 914 1366
547 556 2371
2696 1710 2748
1317 1315 2313
1615 1229 2365
1846 1847 1962
1018 2400 2420
2971 2779 3042
1034 1032 2683
2352 2338 2353
1152 2254 2255
1197 924 2387
932 1090 1155
769 2449 3478
1852 1392 2358
2643 2344 3473
985 894 1198
781 807 2492
1402 1187 1623
821 822 870
711 625 2349
490 491 495
1654 2475 2687
1379 2385 2443
990 1406 2669
303 304 1259
2886 2214 3256
1520 2443 2970
1769 1768 2097
1440 1198 1733
1846 1844 1847
199 200 1459
879 935 1933
601 2126 2127
1698 711 1873
1491 1171 2369
1489 1863 2617
848 801 2375
603 581 604
587 585 588
742 724 2664
1913 1355 1923
1962 1847 1963
284 378 3338
2298 2296 2299
1769 2097 2309
156 2785 3037
1331 1444 1445
1366 1392 1852
2795 378 3260
1965 2177 2965
488 489 490
1640 1956 2248
2156 2157 2158
2907 211 3504
935 880 936
1339 1116 1555
1481 1482 1808
2441 2693 2700
929 826 2456
1192 1055 1193
684 2259 2656
661 627 2360
1522 2079 2202
2013 1873 2142
2413 448 2802
653 2450 3152
1070 1116 1117
1295 1009 1407
996 547 2371
1159 1470 1486
1848 1846 2362
71 72 635
2158 2157 2159
2074 2075 2076
770 171 2010
1392 1562 1563
587 588 589
1519 1379 1520
1556 1557 2091
2499 1665 2501
2357 1883 2388
1845 1844 1846
2205 2011 3247
2412 2360 2761
996 2371 2372
831 803 1091
1137 929 1138
1394 1171 1491
2319 2320 2321
1431 1488 2080
1366 914 1391
2309 2097 3209
1283 1382 1383
1082 293 2854
1830 2291 2292
484 485 486
2693 640 2700
486 487 488
1370 1806 1881
2335 1026 2377
1522 1523 1685
862 864 1072
1321 1078 1570
1009 848 2375
2894 1788 2982
1260 847 1768
1571 1570 1572
2156 857 2157
870 822 871
1295 1407 1429
1218 1219 1220
763 721 2941
1552 2102 2103
2564 1677 2592
1963 1964 1965
1220 1222 1309
1635 1009 2375
1260 2367 2465
1161 2184 3234
1235 72 2915
1040 1043 1100
1160 2318 2319
632 594 2460
1111 1000 2385
594 637 2460
1284 1138 1285
1113 1553 1980
1862 2187 2962
1345 1291 2440
2372 2528 2762
1033 1032 1034
648 677 1104
1850 1615 2379
287 288 1067
2236 1922 3163
811 847 1260
1321 1570 1571
985 1199 2610
1035 1034 1036
1364 1365 2462
1616 1850 1851
694 2370 2621
2287 2009 3339
731 800 1442
345 346 2442
1963 1965 2147
870 871 918
1379 1111 2385
1118 1026 1190
1218 1217 1219
2498 1771 2508
2790 1414 2917
2050 1572 2051
271 272 1795
669 806 2421
1573 2446 2760
2570 3131 3476
545 996 2393
543 545 2393
2165 1503 3122
2822 2973 3031
1633 1665 2499
715 661 857
964 962 2399
1640 1639 1954
2255 2254 3191
607 606 608
1469 1703 1831
598 796 1248
1402 1623 1830
806 897 2421
871 822 2300
1260 1768 1769
1041 1039 2555
831 1091 2328
420 1841 1842
670 682 738
1493 1197 2387
1980 1553 2226
1316 1419 2389
1646 1574 2374
2400 2399 2401
1220 1221 1222
1262 875 1263
657 1424 2423
826 820 1160
1588 1858 2417
1091 803 2340
21 22 2930
847 948 2396
1744 1745 1746
541 1872 2631
2751 2025 3208
866 1098 1268
2294 2190 2903
686 680 2427
1146 1147 1161
970 838 2505
921 923 2576
1803 1950 2146
3161 1874 3234
1542 2342 3283
881 686 2427
1394 1491 1803
768 892 893
1457 1458 1776
2051 2052 2284
338 339 908
1073 2425 2426
1698 1873 2013
1477 1754 2306
1263 1264 1265
1571 1572 2050
2033 1955 2035
997 1257 2490
1682 2140 2611
943 848 1009
794 792 934
1596 1601 2439
1378 1111 1379
1781 1782 2303
1437 746 1975
2386 809 2619
2295 1944 2296
807 814 1201
2453 640 2586
153 154 2337
239 240 1911
2234 1577 2235
1078 535 2382
1558 1269 1783
1978 1493 1979
943 1295 2438
2158 2159 2160
1700 1386 2028
1353 1840 1887
1689 1375 1701
1392 1391 1562
1196 1146 2366
540 575 2489
2680 1643 3424
946 918 2324
2160 2159 2161
1934 2826 3052
2604 1515 2831
1873 711 2349
2487 2103 2738
1742 1743 1744
475 2172 2769
1887 1840 1994
1293 1351 2402
184 761 1575
990 1405 1406
1875 1583 2431
1965 1964 2177
1102 572 2595
1584 2216 2217
2127 2126 2269
1433 1285 1434
2076 2077 2106
1591 1477 2306
2083 1663 2084
804 875 1262
1363 647 3216
556 606 607
1782 1548 2209
97 1356 2862
1737 1435 1739
1525 1669 1967
2201 2449 3112
914 760 2621
1220 1219 1221
811 844 847
1088 1146 1196
210 211 925
1402 1830 2388
1293 1291 1345
1581 1895 1896
1388 1251 2600
1348 1778 2404
771 752 2637
2806 2304 2903
2155 857 2156
582 552 2518
1477 1382 1754
1836 1234 2195
2423 1424 2424
1198 894 2332
1963 1847 1964
2269 2686 3058
1525 1254 1669
1723 2006 2434
211 212 3504
545 547 996
16 2897 3381
1805 2208 3349
1031 1029 1032
1787 1883 1916
486 986 2495
2672 1819 2995
1903 1781 2121
486 485 487
807 1201 2492
2394 2189 3441
1814 1815 2511
2052 2383 2557
1265 1267 1325
1137 1138 1284
537 535 1078
484 483 485
677 730 732
640 390 2586
78 79 3315
584 587 2430
1519 1520 1948
1581 1896 2490
2251 2028 3210
734 804 2352
1080 1126 2474
1838 2219 3353
408 405 2578
2181 1814 2511
2155 2164 2585
50 51 1050
968 1081 1101
1079 1078 1321
2162 2161 2166
2418 692 2509
2437 2353 2629
1563 1562 2171
1419 2148 2389
1364 1206 1365
943 1009 1295
1458 1163 2333
584 585 587
556 605 606
838 785 2505
1881 1806 1882
1471 1348 2404
1570 1078 2382
1419 1917 2148
1633 1634 1665
1468 1469 2468
1723 1976 2006
114 115 458
1222 1221 1223
2091 1557 2253
965 1057 1151
2352 2353 2437
1693 1276 1969
1663 1653 2457
1556 1555 1557
1349 1715 2422
1845 1846 1848
1178 1177 1322
1521 2192 2193
758 757 827
2097 1768 2221
604 694 734
1950 1491 2428
633 668 2527
974 1018 1019
1287 938 1632
2051 1572 2052
2364 2321 2496
2348 1235 2915
170 770 2416
1811 2128 2391
2160 2161 2162
2033 2035 2857
1038 1039 1040
1154 1299 1859
1520 1379 2443
948 1080 1236
1843 1842 1844
547 555 556
2256 2257 3034
2828 2273 3310
201 202 1647
1120 1119 1203
1766 1408 1819
488 487 489
1677 2565 2592
1257 1581 2490
974 964 1018
1222 1223 1224
1960 2058 3224
2319 2318 2320
1283 1212 1382
1378 1379 1519
580 579 581
1293 1345 1351
1284 1285 1432
1149 1330 1331
815 1082 1083
1407 1009 1635
985 1198 1199
2058 2059 2520
1199 1440 1441
112 786 3109
1979 1493 2387
827 1624 2514
420 290 1841
1573 1177 2446
1113 1980 1981
2028 2251 3092
2245 1398 2936
2392 1053 2581
1425 1246 1755
201 1647 3190
1069 632 2460
2084 2457 2632
1387 1731 2587
2369 1166 2634
377 239 379
901 828 2514
930 907 2653
744 721 763
1319 1204 2533
2461 1020 2577
2501 1665 2502
787 862 2368
728 811 2465
734 760 804
870 918 946
1120 1203 1204
2161 2159 2163
1090 1047 2841
627 500 2761
1255 1552 2487
490 489 491
804 842 875
1790 2476 2486
705 704 757
2257 2734 3146
2178 1706 2180
335 336 2236
1199 1641 2610
1126 1516 2474
1782 2211 2303
1886 2314 2786
710 625 711
729 697 2494
1598 1596 2439
870 946 2414
1516 2032 2085
2365 873 2699
1592 2418 2419
1961 1725 2493
1368 1874 1884
2503 408 2578
380 379 381
601 49 2126
715 857 2155
1075 1120 2562
556 555 605
1300 188 2926
636 163 2814
1442 800 2478
2137 2541 2542
916 887 1070
2304 1158 3382
495 491 496
1160 2319 2456
1224 1225 1226
1230 1229 1231
963 962 964
1329 1148 1400
1019 1018 2420
1918 1919 1920
2407 2444 2687
2182 2275 2472
389 443 1001
1032 1029 2789
547 546 555
1040 1041 1043
935 936 2403
973 964 974
641 209 3445
604 581 694
1226 1348 1349
1251 1353 2600
606 605 657
586 584 2430
2421 1870 2638
1370 1551 1806
2370 1857 2621
1463 2361 2985
962 1253 2399
692 2406 2475
1224 1223 1225
1723 1638 1976
1918 1420 1919
2253 1816 2969
372 373 3284
1130 1370 2556
988 855 1026
521 496 522
1204 1372 1373
1715 1699 1966
1193 2114 3250
360 361 2381
520 550 560
1349 1699 1715
2603 1515 2604
457 442 1592
2069 197 2285
1142 1544 2289
1182 1180 1183
391 390 392
2490 2657 2671
1172 1171 1394
1321 2019 2440
1452 1069 1587
584 574 585
905 729 2494
1591 2307 2449
2135 2143 3265
1004 483 2415
442 435 2418
773 711 1698
389 387 443
485 483 1004
804 1262 2352
1182 1183 2525
779 780 851
1301 1443 1870
1226 1225 1347
1053 906 2581
563 522 564
2406 1271 2407
435 429 692
1607 1622 1650
1705 1704 1706
604 734 2437
538 2489 2791
897 1065 1301
1822 1733 2004
563 564 972
851 852 939
1592 442 2418
1204 1203 1372
1020 1021 2577
902 901 958
1373 1454 1704
799 846 900
399 407 452
2449 2307 2450
939 940 1074
1666 1898 1899
1628 2367 3075
728 759 811
638 2437 2629
1349 1471 1699
897 1301 2421
1896 1895 2070
435 692 2418
1043 1105 1106
606 657 2423
382 381 383
1858 1483 2267
1349 1348 1471
2084 1663 2457
3044 1050 3165
1452 1587 1934
1281 970 2505
409 411 412
578 600 774
1310 1910 2651
1396 896 1494
597 633 2527
541 543 1872
607 608 649
1310 1909 1910
391 392 393
425 410 2503
429 427 2406
377 379 380
1287 1632 1633
596 2241 3128
832 831 887
1028 1019 2420
1910 1909 2082
1705 1706 2178
1607 1602 1622
540 553 575
639 1132 1133
1226 1347 1348
1093 958 1246
1143 2298 2917
1587 1069 2460
893 894 984
738 682 1352
1668 1493 1978
1373 1372 1454
388 390 391
1348 1347 1778
3034 2257 3107
2198 586 3000
427 1271 2406
1074 940 1075
1704 1454 1707
2099 128 3444
939 852 940
1176 1174 1177
725 686 881
2109 2108 3341
2385 2386 2846
427 425 1271
1301 1302 1443
2461 1631 3067
289 290 420
1331 1561 2268
1746 1747 1748
1432 1285 1433
1021 1019 1028
1301 1870 2421
1864 1865 2346
2226 1553 2227
692 429 2406
1778 1779 2067
826 1160 2456
2387 924 2594
1120 1319 2562
2188 1613 2189
1443 1447 1906
808 801 848
1373 1704 1705
2447 1651 2448
1843 1844 1845
1813 1663 2083
1914 1886 2484
851 780 852
3026 1826 3083
1596 1594 1601
1552 2103 2487
1791 1790 1792
1120 1204 1319
1126 1476 1516
1793 1792 1886
1934 1587 1958
961 1125 2403
752 716 2585
384 383 385
993 901 2514
464 510 2510
409 412 2512
1294 1293 2402
962 960 1253
1226 1349 2422
1525 1967 2497
1021 1030 2577
816 803 831
1789 1342 1790
2464 1859 3065
545 546 547
1001 1003 1593
1576 1352 1773
1030 1031 1044
1412 1638 1723
1342 1281 2476
1603 1602 1607
666 632 1069
1724 1723 2434
749 739 895
350 966 3084
1001 1002 1003
1433 1434 1435
405 823 2578
1079 1321 2440
1848 2362 2895
2372 2371 2528
984 894 985
860 848 943
1128 1489 1664
537 1078 1079
746 343 1543
1607 1652 2485
2467 2470 3450
1886 1792 2314
1321 1571 2019
1088 1089 1146
406 409 2512
2553 1350 2576
1906 1447 1907
1793 1886 1914
510 1499 1780
2600 1887 2601
2319 2321 2363
952 853 2694
386 385 387
1653 1074 2562
692 2475 2509
2134 1732 2956
1790 1342 2476
881 2256 3034
1613 1608 2485
1593 1003 1594
657 679 1424
1443 1302 1447
305 306 768
569 576 578
1791 1792 1793
1665 1666 2502
1789 1790 1791
734 2352 2437
830 828 901
510 1780 2510
404 406 1005
961 960 962
2067 1779 2397
703 650 704
410 408 2503
974 1019 1020
1322 1574 1646
963 964 973
753 752 771
1368 1884 2527
1456 1364 2462
608 606 2423
1607 1650 1652
1600 1598 1602
1239 1411 1412
594 551 637
1451 1069 1452
1859 1299 1860
1602 1598 2439
1224 1226 2422
1195 970 1281
564 565 569
2242 1569 2553
812 762 2655
465 457 2415
350 965 966
409 410 411
428 427 429
1301 1065 1302
1353 1490 1840
1778 1347 1779
2554 1448 2575
704 650 2521
1656 2096 2498
823 2445 2578
774 1324 1988
406 408 409
426 425 427
388 387 389
452 453 460
1595 1594 1596
842 914 915
1130 1369 1370
1133 1251 1388
580 581 603
434 429 435
552 539 2518
1020 1019 1021
2037 234 2551
441 435 442
2663 1854 2664
1629 2461 2577
456 442 457
464 457 465
412 411 414
457 1592 2415
2278 1289 3184
1145 1044 1239
1544 1545 1547
1239 1044 1411
1005 406 2512
404 405 406
900 987 1099
1699 1471 2087
393 392 394
638 604 2437
1038 1040 2670
649 702 1008
402 404 2452
704 2521 2599
2467 1468 2468
2742 2147 3434
2445 823 2592
3206 1923 3254
548 1521 2590
1336 1335 2331
961 962 963
662 661 715
1170 1168 1171
570 552 582
1076 1074 1653
482 483 484
1406 1405 1567
2476 1281 2505
412 414 415
393 394 395
1669 1254 2555
1292 1291 1293
590 588 681
1603 1607 2485
1341 1281 1342
1008 702 2515
938 709 2708
2406 2407 2475
1520 2970 3003
2436 2554 2575
1552 1589 2102
1661 1653 1663
415 414 416
1001 443 1002
2430 587 2679
208 209 641
1412 1411 1638
1238 1187 1402
757 704 2599
1656 2095 2096
1036 1142 2289
415 416 418
2592 823 2612
404 1005 2452
1044 1031 2547
392 390 640
787 2368 2728
1629 1631 2461
446 445 468
1412 1723 1724
257 258 2361
395 394 396
176 177 1758
402 403 404
1066 938 1287
1836 2195 2245
395 396 397
821 870 2414
1426 78 1464
1788 1342 1789
795 794 803
668 706 1368
1827 2263 2264
1792 1790 2486
1979 2387 2810
1707 2093 2094
397 396 398
397 398 399
399 400 407
399 398 400
2423 2424 2521
48 520 2796
1600 1602 1603
798 709 938
418 419 421
238 239 377
1495 1494 2454
2333 891 3024
418 416 419
2407 1271 2408
779 730 780
2124 2200 3011
438 437 445
1335 1337 1568
380 381 382
1684 2796 2876
1437 1975 2063
412 1686 2512
1263 875 1264
1228 1015 1229
2523 1498 2524
1566 1942 1943
1995 1194 2713
1593 1594 1595
1612 1608 1613
1255 1526 1552
665 1027 2868
2102 1589 2252
1251 1134 1323
468 445 697
1815 1680 1816
113 114 3374
573 584 586
979 1153 1154
1827 1800 2263
420 1842 1843
402 2452 2549
2407 2408 2444
2476 2505 2646
1622 1602 2439
421 422 430
1432 1433 2534
478 480 523
1429 1781 1903
1943 1942 1944
388 389 390
626 590 2398
386 387 388
400 402 2549
983 1512 1771
2124 2125 2200
2564 2592 2612
1740 1796 1987
384 385 386
1372 1203 1498
187 188 433
382 383 384
1780 1499 1826
1569 1350 2553
432 431 437
921 849 923
1271 425 2503
1731 2133 2532
1139 1205 1891
961 963 1125
1595 1596 1597
1568 1626 2271
249 250 2924
1436 1738 1740
1597 1596 1598
1464 78 2055
1206 985 2610
1164 1163 1457
421 419 422
2565 2445 2592
515 529 593
217 218 1112
1849 1848 1991
1707 1454 2093
608 2423 2521
1146 1089 1147
2329 1458 2333
1108 942 1163
939 1074 1076
1411 1044 2547
1633 1632 1634
2314 1792 2486
1291 1079 2440
395 397 2537
678 728 2465
1650 1622 1651
2740 2581 3147
1740 1738 1796
2075 2304 3382
1195 1281 1341
842 915 2429
1521 1856 2192
452 407 453
1372 1498 2523
2605 2604 3355
1377 1111 1378
407 400 2549
443 387 2567
1310 1660 1909
93 1413 3130
1225 1223 1245
2376 1097 2882
1932 1346 2167
827 757 1185
400 401 402
1110 1000 1111
750 781 878
1221 1219 1714
456 464 2510
2071 3080 3387
424 431 432
424 423 431
603 604 638
295 296 2341
1543 343 3288
2610 1641 2680
1274 1096 1515
747 683 801
1693 1969 2043
1492 1197 1493
3048 2240 3329
538 540 2489
1204 1373 2533
705 757 758
1987 1796 2583
1240 1674 2104
1976 1638 2513
1724 2434 2435
1433 1436 2534
1612 1613 2188
2444 2408 2445
1341 1342 1788
413 410 425
387 385 2567
1436 1740 2534
589 625 710
550 49 601
1230 1231 1232
650 608 2521
1319 2533 2632
578 576 599
1907 1447 1908
847 844 948
1412 1724 2575
1776 1977 2990
486 488 986
2389 2041 3415
628 627 661
2408 1271 2503
2182 2183 2275
488 490 2459
1001 1593 2586
1599 1598 1600
432 437 438
437 431 1280
1139 1891 2609
1962 1963 2742
1604 1603 1608
999 885 1000
954 2003 2517
1608 1603 2485
1594 1003 2482
981 921 2576
422 423 424
2870 2394 3441
1030 1044 1145
1074 1075 2562
688 687 689
1644 1441 2395
666 1069 1451
2101 1752 2925
1954 2239 2849
569 565 576
490 495 554
1088 1196 2745
2521 2424 2599
2331 1568 3452
1333 1656 2498
396 394 1282
1135 929 1137
2057 1630 2554
1629 1448 1630
483 465 2415
668 1368 2527
354 355 502
944 943 2438
1705 2178 2179
1428 1194 1995
525 561 562
1260 1769 2367
2438 1295 2536
571 580 1628
649 608 650
897 898 1065
1451 1452 2233
1676 1677 2441
732 730 779
694 581 2370
1665 1634 1666
1597 1598 1599
1610 1606 1611
1353 1887 2600
1187 944 2438
499 484 2495
2263 1800 2519
1601 1594 2482
1648 1649 1654
1145 1239 1448
422 419 423
460 462 1010
1239 1412 2575
469 471 591
578 599 600
393 395 743
468 697 698
482 484 499
527 645 1655
1801 1800 1827
2231 1112 3203
1629 1630 1631
1599 1600 2550
1641 1643 2680
1123 944 1187
1030 1029 1031
927 826 929
2193 2192 2194
1800 1799 2519
1552 1526 1589
703 704 705
1398 2245 2883
1354 1775 2305
1083 1085 1087
1383 1478 1718
1801 1827 2150
1605 1599 1606
2494 697 2602
563 972 2504
811 759 844
436 216 2231
1316 1317 1318
839 2342 3299
8 675 2626
1600 1603 1604
1868 1630 2057
1606 1599 2550
390 389 2586
1145 1448 1629
349 350 3084
382 384 1022
438 445 446
1003 1002 2556
489 487 602
343 344 3288
979 1154 2639
460 461 462
758 827 828
502 355 503
416 414 1011
114 1905 3374
1897 94 3228
1202 560 1212
702 764 2515
412 415 1686
1468 1467 1469
1831 1703 1832
1605 1606 1610
1597 1599 1605
1292 1293 1294
984 985 1206
1664 1489 2617
495 521 2458
2638 1870 2716
1031 1032 1033
1448 1239 2575
1682 1681 2139
1600 1604 2550
1127 2529 2530
426 1048 2560
1916 1883 2574
1676 1610 1677
2344 2643 3439
2241 1569 2242
377 380 643
1593 2453 2586
1373 1705 2533
1604 1609 1648
421 430 669
1481 1216 1482
419 416 2543
1456 2462 2463
1593 1595 2453
398 396 2563
1648 1609 1649
1604 1648 2550
907 1024 2653
75 76 439
1605 1610 1676
1786 1541 1787
2563 1282 2564
1307 1306 2026
789 693 2699
1496 1367 1497
906 859 1012
1540 1403 1541
462 463 469
1153 980 1333
1768 847 2396
2415 1592 2654
510 1046 1499
1817 2181 2182
1290 1079 1291
1604 1608 1609
2441 1282 2693
241 242 2995
430 422 2535
1365 1206 2610
1362 1799 1800
1436 1737 1738
509 507 577
1454 1372 2523
1395 2001 3416
846 771 2637
698 729 733
743 395 2537
1534 2153 2875
923 849 2640
482 465 483
1170 1171 1172
1847 1844 2568
733 756 783
1508 1507 1673
732 779 809
783 785 837
774 600 1324
462 469 2522
2397 2162 3411
2062 1696 2784
1630 1448 2554
872 789 873
1273 407 2549
954 956 2003
1151 1152 1386
756 729 905
336 337 1473
1796 2116 2583
1803 2146 2302
971 970 1195
449 451 1049
2547 1033 2684
2319 2363 2456
806 877 897
1877 1411 2547
1506 1114 1507
391 393 2573
400 398 401
447 448 449
1610 1611 2565
2694 2832 2902
413 425 426
438 446 447
1724 2436 2575
837 909 1013
1606 2550 2582
983 1350 1512
1436 1435 1737
1362 1361 1799
366 1068 1946
411 410 413
793 792 794
409 408 410
1638 1411 1877
362 363 2384
521 563 992
2207 1682 2611
637 551 2630
1739 2432 2433
406 405 408
1115 1564 2675
722 721 744
1248 1250 1460
1526 1525 2497
1677 1610 2565
697 445 2602
1905 2219 2220
779 851 2619
698 697 729
422 424 2535
1609 1608 1612
2355 1758 2477
724 735 2664
404 403 405
1728 1727 1729
669 2421 2638
2177 1964 2286
423 419 2543
504 503 505
503 355 548
733 729 756
508 507 509
783 756 785
342 746 1437
1783 1269 2771
169 170 2416
1314 1315 1316
1705 2179 2533
350 351 965
447 446 448
506 505 507
869 812 2655
402 401 403
502 503 504
1611 1606 2582
447 449 2561
1445 1444 1578
1202 1212 1283
391 2573 2625
520 560 1202
1145 1629 2577
745 744 765
983 1771 2507
772 771 799
2550 1648 2582
2093 1454 2523
1824 1208 1825
1648 1654 2582
603 678 2606
2552 413 2560
1474 2351 2938
1274 1515 2603
3389 302 3496
1154 1298 1299
396 1282 2563
982 981 983
1297 1140 1306
214 215 2073
1512 1350 1569
1661 1663 1813
469 591 2522
414 411 2552
1031 1033 2547
837 785 838
1314 1313 1315
1815 1816 2136
445 437 2602
1362 1800 1801
2645 499 2685
449 450 451
437 1280 2602
979 980 1153
476 477 478
1512 1569 1579
693 1312 2699
1813 2083 2176
720 696 721
1558 1783 1854
2527 1884 2666
405 403 823
1595 1597 2572
976 1505 1990
1359 238 2848
3219 2145 3417
256 524 2674
108 1785 3063
837 838 909
678 2465 2606
1030 1145 2577
2408 2503 2578
2733 3029 3091
476 475 477
1002 1130 2556
1868 2057 2198
2445 2408 2578
1798 2237 3290
1071 2636 2708
738 1352 1576
917 2847 3228
982 983 2507
416 1011 2543
411 413 2552
1816 1680 2685
389 1001 2586
2162 2166 3411
1185 757 2599
424 432 1308
1013 1241 2081
1631 1630 1868
2061 1696 2062
910 838 970
668 695 706
945 1124 1926
504 505 506
506 507 508
3430 1358 3473
385 383 1892
684 672 1683
172 173 1305
382 1022 2584
520 49 550
1013 909 1241
2506 1534 2875
649 650 702
496 491 1675
1597 1605 2572
1254 1041 2555
1628 580 2606
1054 850 2671
1730 1729 2249
677 676 730
1492 1493 1668
1006 977 1727
469 470 471
1277 1361 1362
737 928 2663
2453 1595 2572
1154 1153 1298
510 481 1046
385 1892 2567
1576 1773 2041
1433 1435 1436
1806 1551 2256
1447 1302 2531
998 982 2507
1076 1653 1661
983 981 1350
2212 2209 2877
2142 2605 3244
993 2514 2635
2171 1562 2558
702 703 764
1085 1084 1086
1612 2188 2308
766 765 792
1724 2435 2436
449 448 450
1860 1861 1862
1228 1229 1230
426 427 428
1605 1676 2572
2258 1683 2260
1237 2525 2526
1268 1098 1367
829 883 1310
573 574 584
383 381 2546
536 535 537
1102 2595 2597
426 428 1048
1302 1065 1303
413 426 2560
432 438 2589
691 1071 2708
590 681 2398
2427 680 2656
1698 2013 2587
1070 1117 1381
633 632 666
801 683 2629
597 594 632
453 407 1273
1400 1148 2777
561 551 594
825 907 930
1695 1667 1696
1562 1391 1857
1679 1814 1817
1200 2955 3257
684 1683 2258
320 321 2170
2298 2790 2917
1667 1334 2596
1678 2645 2685
2457 1319 2632
2139 1681 2799
830 901 902
657 658 679
718 716 752
1885 1518 2005
525 516 551
401 398 2563
1385 1060 2105
478 479 480
1024 1209 1210
600 599 622
910 971 1139
481 465 482
717 719 1240
1521 1430 1856
580 603 2606
3066 3413 3461
936 961 2403
1638 1877 2513
1736 2088 2089
478 477 479
438 447 2589
1870 1443 2763
1645 2016 2017
2170 321 3151
393 743 2573
560 550 596
1139 1140 1205
1035 1038 2684
464 481 510
2514 1624 2635
1908 1447 2531
1500 1046 1678
633 667 668
702 650 703
564 522 565
434 441 951
1982 1745 2591
1021 1028 1029
2682 82 3118
1838 2409 2410
851 939 2623
449 1049 2561
673 672 684
1011 414 2552
2444 1611 2687
573 558 574
710 711 773
1590 1526 2497
1734 1735 1736
2518 539 2660
511 509 516
392 640 2693
1742 1744 2548
64 65 2735
1086 1084 2339
922 982 997
428 429 434
513 514 833
366 367 1068
1690 1633 2499
1156 1404 1889
388 391 2625
424 1308 2535
480 492 497
669 430 805
685 724 742
1992 1991 2483
1508 1673 2141
747 801 808
497 498 515
643 380 2584
1075 1077 1119
515 517 529
529 530 557
557 558 573
922 981 982
474 501 541
1579 2241 2243
800 867 2478
939 1076 2623
2219 1838 3211
1649 1609 2613
1277 773 1361
1568 1337 1626
2182 2181 2183
1311 1181 2692
1736 1735 2088
1499 1046 1500
1205 1297 1577
1040 1039 1041
434 435 441
447 2561 2589
545 544 546
909 838 910
665 754 1027
1550 1376 2048
2563 2564 2612
441 442 456
1840 1490 2111
456 457 464
464 465 481
809 779 2619
1297 1306 1307
1310 883 1660
1626 1837 1838
1426 1464 1465
1333 980 1334
1727 977 2718
733 783 784
1506 1507 1508
1370 1369 1551
1951 1832 2912
2482 1003 2556
622 672 673
1368 706 1617
380 382 2584
2105 1060 2649
1988 1324 2007
523 2434 3309
1038 1037 1039
1115 1279 1564
480 479 492
515 498 517
529 517 530
557 530 558
497 492 498
971 1195 2608
1295 1429 2536
979 978 980
386 388 2625
1657 1334 1667
1519 1948 1949
910 970 971
1514 2044 2046
3029 630 3091
1673 1507 2860
808 848 860
1733 1198 2332
1823 1879 1880
2469 2468 2943
1306 1140 2608
783 837 2598
2651 1910 2698
1641 1441 1642
902 958 1093
1048 428 2628
1290 1291 1292
768 893 1122
1795 2772 3312
1516 1476 2032
823 403 2612
1141 1034 2683
1679 1678 1680
293 294 2854
598 1248 1249
460 453 461
1139 971 1140
468 698 1017
897 877 898
1377 1378 1888
1521 2193 2590
1368 1617 1874
1419 1420 1917
1838 1837 2409
2334 585 3223
1108 1163 1164
1110 1111 1377
150 151 2203
659 726 731
1207 1206 1364
1905 458 2219
969 869 1479
837 1013 2598
546 544 592
2104 1674 2138
562 561 2666
850 922 2671
1287 1633 1690
2299 2296 2569
1118 1190 1191
1081 1188 1189
1007 443 2567
2683 1032 2789
537 1079 1290
534 532 535
827 1185 1624
1696 1667 2714
1750 1749 1751
1350 981 2576
576 565 1023
1302 1303 2531
1457 1776 1777
622 599 672
1917 1918 2538
999 1000 1110
292 815 2224
478 523 3078
1308 432 2589
1059 1288 2571
860 943 944
2400 2401 2677
1065 898 2614
1205 1140 1297
1589 1526 1590
47 48 2796
1676 2441 2700
1513 1237 2526
289 420 2451
795 803 816
1331 1330 1444
2505 785 2646
2003 956 2464
1137 1284 1439
1817 1814 2181
2815 2543 2853
876 805 924
418 421 2638
648 647 676
1736 2089 2090
421 669 2638
2603 2604 2605
798 938 1066
2405 1684 3013
1845 1848 1849
1609 1612 2613
678 638 683
1486 1518 1885
988 1026 1118
1315 1767 2313
657 605 658
1579 1569 2241
1006 1727 1728
1500 1678 1679
1199 1441 1641
508 509 511
463 461 755
505 503 2590
980 978 2596
1002 443 1007
1910 2082 2880
1176 1177 1178
401 2563 2612
695 667 696
1796 1797 2116
1282 394 2693
2044 1513 2045
2533 2179 2632
1514 1513 2044
3224 2769 3493
1729 1727 2858
1948 3003 3364
1515 1096 2709
824 820 826
832 887 916
1728 1729 1730
1021 1029 1030
2262 1023 3176
1333 1334 1656
2844 1162 2976
1612 2308 2613
1429 1903 2536
737 748 928
678 683 728
1315 1313 1767
842 760 914
1860 1299 1861
2449 2450 3478
948 949 1080
1660 1802 1945
1241 909 2609
785 756 2646
1637 1625 1722
1936 1938 1939
976 1990 2614
728 747 759
403 401 2612
1100 1043 2904
753 771 772
434 951 2628
1634 1632 2636
381 379 567
2538 1063 3039
1181 1184 2692
1814 1680 1815
2200 3002 3011
551 516 2630
1123 1187 1238
1328 1237 1513
1159 1486 2801
1238 1402 1403
720 721 722
1404 1492 1756
1156 1197 1404
1939 2740 3147
1581 1708 1895
1505 1114 1506
1660 883 1802
712 776 1092
1656 1657 2095
1010 462 2522
997 982 998
1417 1192 1418
2070 2825 3456
669 805 806
816 831 832
1335 1141 1337
1189 1313 1314
875 842 2429
2221 1768 2396
734 694 760
565 522 2633
1237 1182 2525
2450 653 3478
1561 2184 2268
1334 980 2596
430 2535 2594
1766 1819 2672
145 1261 2986
1288 1620 2571
2326 2327 3317
1624 1636 2635
1299 1298 2593
1043 1041 1105
503 548 2590
1002 1007 1130
2133 1732 2134
589 710 2679
1626 1337 1837
1679 1680 1814
836 843 1639
2619 851 2623
1257 1580 1581
898 877 975
2249 1729 2944
1248 796 1250
986 488 2459
2448 1601 3061
2508 1298 3483
1718 1719 1983
1681 433 2695
722 744 745
1033 1035 2684
806 805 876
1156 924 1197
1250 796 1658
519 472 531
620 652 714
1682 2139 2140
1106 2487 2738
1881 1882 3061
1796 1738 1797
1265 1264 1267
1641 1642 1643
511 516 525
462 461 463
1738 1737 2662
1184 1328 1421
876 924 1156
976 975 1114
1455 1364 1456
1592 2419 2654
1425 1755 1764
1505 1506 2100
420 1843 2451
1303 1065 2614
525 551 561
2471 2466 3450
633 666 667
597 632 633
561 594 597
973 2263 3248
1849 1991 1992
957 978 979
910 1139 2609
2662 1737 2747
1391 914 2621
898 975 976
469 463 470
1825 1208 2694
1828 1343 1829
603 638 678
282 642 2676
1562 1857 2558
829 828 830
788 845 899
1012 859 2736
571 579 580
1695 1696 2061
640 2453 2700
976 1114 1505
1189 1188 1313
82 83 3118
558 530 2624
1862 1861 2187
2566 1664 2615
806 876 877
854 953 954
1926 1124 1927
1033 1034 1035
1404 1197 1492
1964 1847 2568
1292 1294 1709
1580 1258 1582
695 696 720
909 910 2609
710 1277 2679
281 2676 3349
1208 952 2694
886 1052 1398
1140 971 2608
456 2510 2661
984 1206 1207
1255 1525 1526
688 689 690
758 828 829
1888 1378 2607
668 667 695
2826 1958 3236
2832 1320 2902
2204 1670 3305
1247 1475 1509
1558 1854 2540
844 759 2659
614 616 634
1180 1178 2539
1678 1046 2645
1686 415 2716
1620 2018 2060
1666 1634 1770
968 994 1081
1326 1267 1327
1642 1441 1644
756 905 2646
1016 1055 1192
1657 1667 1695
1288 1619 1620
945 1926 2697
574 558 583
735 2663 2664
717 1240 2748
2617 1863 2618
688 1833 2595
1257 998 1258
1240 719 1674
1076 1661 1662
433 188 1300
731 762 800
599 576 2622
1328 1513 1514
1770 2916 2974
868 967 968
1121 949 1453
1378 1519 2607
549 500 627
1731 1732 2133
793 794 795
936 960 961
1410 1131 1472
2001 2983 3416
927 929 1135
951 441 2661
1087 1085 2745
1901 1389 1902
772 799 859
687 671 787
1666 1770 1898
997 2490 2671
829 830 883
805 430 2594
784 783 2598
1861 1299 2593
1656 1334 1657
884 913 1759
2166 2161 2869
496 1675 2633
1855 42 3231
2045 1513 2526
2600 2601 2644
2275 2183 3351
728 683 747
490 554 2459
1695 2061 2068
1734 1455 1735
2248 1956 2724
1086 2339 2777
628 661 662
32 33 995
2984 1554 3151
1407 1635 2877
727 854 2517
706 695 2668
571 570 579
1184 1237 1328
1540 1541 1786
1088 1086 1089
1184 1182 1237
1690 2499 2500
32 995 1242
454 455 466
825 930 2658
745 765 766
114 458 1905
715 2155 2585
763 2275 3351
1617 706 1618
800 812 867
1534 1386 1700
1979 2810 2864
473 450 1272
1632 938 2708
517 498 566
166 167 3051
718 752 753
1385 2105 2690
1122 2240 3363
690 689 691
766 793 1056
471 470 472
2153 1700 2169
428 434 2628
1251 1323 1353
2490 1896 2657
3 4 1186
493 494 513
466 467 493
1076 1662 2623
1659 1658 2237
1164 1457 2634
710 773 1277
1233 1232 1234
2513 1877 2670
662 715 716
829 1310 2651
722 745 882
1687 1559 2137
2865 1911 3199
1023 565 2633
1179 1181 1311
1611 2582 2687
791 850 1054
605 555 2704
764 703 2698
978 977 1006
824 826 927
1275 1530 1531
2116 2117 3119
1617 1618 2119
1534 1700 2153
1954 1639 2239
766 792 793
1506 1508 2620
1510 1522 2202
2765 1801 2816
735 737 2663
2986 1943 3008
2144 2395 2934
1188 994 1380
1107 942 1108
2392 2581 3311
1532 1274 1533
1445 1578 2888
1080 1121 1126
528 526 568
2296 1944 2297
2927 2401 3136
587 589 2679
969 1479 1480
751 2282 3143
948 844 949
66 67 1670
935 2403 2956
1093 1246 1247
795 816 858
1691 1099 1935
1046 481 2645
1532 1533 2027
2558 1857 2559
755 2284 2968
1533 1274 2603
1329 1400 1535
2056 1893 2191
2636 1632 2708
1770 1634 2636
1835 2123 2124
2512 1686 2811
854 952 953
522 496 2633
708 691 709
72 73 2915
1014 1227 1713
1156 1889 2641
1325 1267 1326
1244 1234 1836
898 976 2614
1683 672 2622
2739 1460 2740
1737 1739 2747
820 260 2317
1024 1210 2653
804 760 842
1240 2104 2696
787 861 862
797 709 798
1877 2547 2684
1428 1995 1996
482 499 2645
673 684 2656
868 812 869
1388 2600 2644
1549 2000 2175
536 537 2660
1892 383 2546
1424 679 2647
922 921 981
1704 1707 2837
2117 1797 2118
543 544 545
554 495 2458
394 392 2693
1248 1460 2739
481 482 2645
997 998 1257
949 844 2659
679 658 693
845 789 872
2209 1548 2877
1509 1893 2056
1387 1415 1731
2084 2632 2792
2249 559 3301
2100 1506 2620
1388 2644 3285
1479 869 2655
418 2638 2716
1160 2317 2318
978 1006 2596
1105 1254 1255
1250 1658 1659
720 722 2667
1178 1322 2539
365 366 3259
1185 2599 2648
1085 1086 1088
1376 636 2814
1519 1949 2607
1507 1114 2768
1257 1258 1580
683 638 2629
1701 1375 2896
471 472 518
597 2527 2666
513 494 514
1741 1672 1742
1927 1124 1928
2436 593 3447
957 955 977
1252 1274 1532
541 542 543
415 418 2716
1857 1391 2621
1927 1928 1929
969 1480 1712
672 599 2622
1037 1036 2289
576 1023 2622
854 954 2517
2670 1877 2684
1049 451 2631
1353 1323 1490
1624 1625 1636
1419 1318 1420
451 473 474
1252 1096 1274
799 900 2736
670 738 1538
913 885 999
957 977 978
1674 719 1765
2582 1654 2687
1509 1475 1893
1207 1455 1734
716 715 2585
992 563 2504
2863 452 3097
1209 1211 1387
945 944 1123
1581 1580 1708
1642 1644 1645
2286 1964 2568
1165 1167 1446
2113 2759 3301
266 267 1346
534 535 536
537 1290 2660
2484 1280 2815
849 790 2640
1081 994 1188
1901 1902 2023
1362 1801 2765
659 731 2652
1173 1172 1174
860 944 945
1264 875 2429
439 444 454
441 456 2661
954 955 956
527 644 645
1286 1697 1997
553 570 571
2962 2187 3425
705 758 2651
1394 1803 2760
1685 1523 1820
549 627 628
453 1273 2681
876 1156 2641
1014 873 1015
862 863 864
1530 1276 1693
1645 1644 2016
544 542 2642
1624 1185 1625
968 967 994
1929 1930 2040
1453 949 2659
941 942 1107
1567 1614 2283
631 629 671
3390 2168 3462
399 452 2863
458 2271 3353
1165 1164 1166
1108 1164 1165
2453 2572 2700
1132 14 2014
900 1691 2736
902 1093 1094
2446 1394 2760
1808 1482 1809
1529 433 1681
693 658 1312
1066 1287 2709
1227 1015 1228
474 500 501
2468 1831 2943
1337 1141 2683
1802 883 2721
953 952 1144
1047 919 3200
1917 1420 1918
117 118 3497
924 805 2594
2106 2077 2731
1722 1625 2648
519 531 532
1170 1172 1173
1365 2610 2680
945 1123 1124
1126 1389 1476
755 461 2681
451 450 473
41 1855 3480
1549 1550 2000
975 877 2641
1068 367 1784
1510 1511 1522
731 726 762
1035 1037 1038
1655 645 2652
800 762 812
1680 1678 2685
2572 1676 2700
1415 1211 1416
956 955 957
867 812 868
1089 1086 2777
1759 913 1760
877 876 2641
2936 1531 3054
690 691 708
1007 2567 2725
521 992 2458
1929 1928 1930
140 775 3005
941 891 942
2641 1889 2768
526 512 527
1080 949 1121
850 921 922
2927 2473 3127
759 747 2650
1837 1337 2683
1974 2473 2927
708 709 797
1119 1128 2566
561 597 2666
999 1110 1393
758 829 2651
1230 1232 1233
868 869 967
1721 2273 2828
1181 1182 1184
2325 2299 3162
1618 706 2668
788 899 2647
1130 1131 1369
2116 1797 2117
104 105 3387
586 2430 2816
1085 1088 2745
2464 956 2639
1457 1777 2634
703 705 2698
1731 1415 1732
1762 1760 1763
1059 2571 2719
967 869 969
623 654 656
433 1300 2695
1255 1254 1525
2553 2576 3015
1130 1007 1131
1895 1708 2036
1387 1211 1415
1486 1915 2801
1691 1935 1936
600 622 2727
1371 1824 2020
1027 754 2658
1280 431 2815
1166 1164 2634
1797 1738 2662
873 789 2699
975 2641 2768
2560 1048 2920
1963 2147 2742
1536 1403 1540
1207 1364 1455
916 1070 2649
1637 1722 1890
622 673 674
1324 600 2727
474 541 2631
1091 2340 2966
2567 1892 2725
722 882 2667
1754 2553 3015
735 725 736
854 853 952
990 1064 1405
2430 2679 2765
759 2650 2659
777 713 790
439 76 444
1460 1250 2702
2007 1324 2008
540 552 553
1175 1174 1176
2657 1916 3264
1151 1386 1534
1994 1840 2991
519 532 533
518 519 2688
872 873 1014
1169 1168 1170
451 474 2631
2124 2123 2125
534 536 538
954 953 955
1179 1178 1180
1430 1462 2222
1181 1180 1182
2553 1754 3471
1546 1336 2331
737 736 739
541 501 542
1832 1834 1835
2095 1657 2673
718 753 2741
203 559 3150
549 628 1710
1529 1681 1682
658 605 2704
695 720 2668
2004 1733 2703
687 787 2728
1238 1403 1536
886 1398 2770
1024 1061 1209
645 646 659
2360 627 2761
850 849 921
553 552 570
538 539 540
922 997 2671
1408 1354 2305
572 568 629
1288 1385 1619
2366 3234 3368
888 890 1401
659 660 726
1555 2328 2866
1637 1890 2185
1006 1728 2714
1809 2390 2823
1483 1484 2267
946 2324 3162
691 689 1071
2596 1006 2714
2524 1498 2615
543 542 544
747 808 2650
84 85 2928
1173 1175 1438
381 567 2546
540 539 552
1035 1036 1037
748 739 749
1038 2670 2684
832 916 1059
1203 1119 2566
583 558 2624
1671 1278 1672
538 536 539
448 446 2802
662 716 717
1184 1421 2692
148 149 3185
1275 1053 1276
1759 1760 1761
900 1099 1691
1667 2596 2714
1636 1625 1637
1409 2238 3304
187 433 1529
1716 1717 1869
423 2543 2815
1316 1318 1419
1498 1203 2566
1068 1784 1798
461 453 2681
883 830 2721
1126 1121 1389
1417 1418 2991
705 2651 2698
2480 2479 2844
957 979 2639
1179 1311 2767
2872 1985 3487
1983 1984 2098
2694 853 2832
1209 1061 1211
1160 820 2317
533 532 534
1167 1166 1168
724 686 725
2298 2299 2790
2599 2424 2648
518 472 519
468 1017 2802
1997 1697 1998
2256 1551 2257
1409 2665 2843
1105 1041 1254
1695 2068 2673
1287 1690 2709
1536 1540 2197
2434 2006 3309
330 331 3365
1549 1376 1550
2296 2297 2569
1288 1060 1385
2537 397 2863
2238 1409 3357
1144 952 1208
719 718 2741
1165 1166 1167
732 809 884
1469 1702 1703
1228 1230 2665
1064 989 1194
788 693 789
886 859 906
727 853 854
1943 2295 3008
791 790 849
856 989 990
780 730 2705
1540 1786 2729
1179 1180 1181
814 835 836
32 1242 2345
1566 1943 2986
2751 3208 3503
2787 2015 3121
772 859 886
907 912 1024
825 841 907
956 957 2639
1443 1906 2763
2200 663 3268
1770 2636 2916
754 767 825
1620 1619 2018
514 664 665
1560 1924 2015
514 494 664
1975 2462 3169
1122 2715 2842
592 544 2642
2325 1155 2801
2414 946 3214
1864 1497 1865
1191 1354 1408
1322 1646 2539
2528 1008 2762
2111 1490 2570
1843 1845 2754
1986 2778 2779
2920 1048 2958
717 718 719
1056 793 2711
4 5 2983
1787 1916 3263
1669 2555 2829
1639 843 2675
1176 1178 1179
830 902 2721
2118 1797 2662
1052 906 1053
776 777 874
665 723 754
1845 1849 2754
1657 1695 2673
577 507 2833
1476 1389 1901
1144 1208 1371
680 673 2656
1936 1937 1938
1147 1148 1149
1147 1089 1148
1696 2714 2784
71 670 2879
1286 1194 1428
1465 1466 1467
1173 1174 1175
278 1045 2726
1516 2085 3116
899 845 2757
578 774 2960
51 52 3165
1748 1749 1750
1885 2005 2110
726 660 727
2025 2024 3116
2460 637 3068
144 2986 3008
795 858 2711
1270 1269 1558
1733 2332 2703
1580 1582 2710
1803 2302 2760
864 865 866
1584 2217 2254
717 716 718
1233 1244 1716
2224 815 2781
674 673 680
720 2667 2668
2273 2899 3379
1095 1096 1252
539 536 2660
2681 1273 2878
1277 1362 2765
791 849 850
2020 1824 2054
893 984 2715
1438 1711 1959
2281 352 3028
2185 1890 2186
513 833 2723
679 693 788
1522 1511 1523
761 2611 3104
621 619 769
1227 1228 1409
261 262 3196
642 1925 3170
1273 2549 2856
766 1056 2717
466 455 467
1169 1170 2720
454 444 455
1567 1405 1614
1014 1015 1227
2272 1546 2852
1899 3035 3343
2137 1559 2540
331 1554 3365
162 163 636
778 749 855
1472 1131 2725
1188 1380 2686
913 999 2678
1936 1935 1937
1313 1188 2686
2958 2628 2967
2661 2510 2894
530 517 2780
493 467 494
859 799 2736
1559 1558 2540
884 809 885
2969 2495 3154
1762 1763 2024
712 713 776
620 621 652
652 653 712
1122 893 2715
1095 1252 1807
1808 1809 2756
845 872 904
1762 2024 2025
685 680 686
882 745 2717
2374 2059 3071
1837 2683 2789
1357 636 1376
1884 1874 3161
1902 1389 2755
1048 2628 2958
884 885 913
776 713 777
727 660 853
2198 2057 2953
808 860 2697
807 813 814
1059 1060 1288
1286 1428 1697
1157 2283 3377
1369 1131 1410
1024 912 1061
754 825 2658
645 659 2652
2098 1984 2873
1798 1784 2351
519 533 2688
2430 2765 2816
1736 2090 2842
1959 1711 2078
1059 916 1060
618 619 620
1928 1124 2689
2245 2936 3054
685 742 2892
1850 2380 3057
318 1422 1423
1686 2763 2811
2797 1951 2912
645 644 646
1413 2706 2707
1849 1992 1993
2484 2815 2853
1023 2262 3442
884 1759 2737
1233 1234 1244
562 2431 2947
1312 658 2704
1095 1066 1096
856 855 988
1135 1137 2771
1170 1173 2720
2750 1390 3099
1729 2858 2944
1751 2066 2905
527 512 644
2031 1358 3430
852 780 1794
1064 1194 1286
1383 1718 2807
793 795 2711
990 989 1064
777 790 791
659 646 660
902 1094 2721
677 732 2737
1123 1238 2689
2349 626 3405
288 289 3350
858 816 2719
1438 1175 1711
1980 2226 2800
788 789 845
2624 530 2780
474 473 500
1625 1185 2648
1357 1549 2643
1070 1381 2649
90 91 3276
1530 1693 1947
2021 2173 3400
1557 1555 2866
1421 1328 2800
2237 1658 3375
860 945 2697
2080 1488 2932
1149 1329 1330
2314 2494 2786
2908 1783 3031
2361 1463 3121
1459 200 3190
999 1393 2678
616 617 618
2516 2860 2933
1767 1313 2686
1563 2171 3392
1131 1007 2725
802 723 2909
781 782 807
1119 1077 1128
745 766 2717
1947 2454 3292
1805 1742 2548
1380 994 2730
2650 808 2697
1756 1492 2824
1061 912 1062
754 723 767
825 767 841
689 687 2728
907 841 912
1121 1453 2755
1739 2433 2747
1124 1123 2689
2197 1540 2729
2715 1734 2842
1549 2175 2643
501 500 549
821 2414 2785
1371 1208 1824
1765 719 2741
798 1066 1095
593 2436 3175
505 2590 2833
688 690 1833
1358 1357 2643
1381 1117 2849
1822 2004 2855
517 566 2780
2194 2266 3089
270 271 3312
712 653 713
2252 1589 2922
1167 1168 1169
2593 1298 3040
767 723 802
3029 1996 3074
2211 2214 3361
940 852 2818
2602 1280 2786
665 664 723
493 513 740
2221 2396 2743
1292 1709 2794
750 751 781
1060 916 2649
1716 1244 1717
3099 1390 3465
3059 1802 3079
700 701 750
1114 975 2768
1476 1901 2744
1165 1446 2782
2045 2526 2896
862 861 863
1707 2094 3347
984 1207 2715
1652 2261 3069
1096 1066 2709
38 39 609
3203 1112 3271
3123 2029 3490
654 655 700
2870 2262 3176
817 2769 3224
1708 1580 2710
1761 1760 1762
2008 1324 2727
2032 1476 2744
1275 1276 1530
553 571 2776
843 1115 2675
856 988 989
1856 2222 2223
652 621 653
735 736 737
1763 1760 2678
2017 2016 2773
2679 1277 2765
1542 1082 2854
1760 913 2678
1075 940 1077
446 468 2802
953 1144 2718
2808 3261 3341
1309 2192 3421
886 906 1052
866 926 1098
1938 1940 2293
1249 1248 2739
1551 1369 2734
816 832 2719
1207 1734 2715
2149 41 3480
2451 1843 2754
737 739 748
2309 2310 3075
2714 1728 2784
1936 1939 2827
2632 2179 2792
2387 2594 2810
2342 1542 3383
724 725 735
2239 1639 2675
2555 1042 2829
1250 1659 2702
926 865 1332
1052 1053 1275
347 1073 3138
1670 67 2112
234 235 2551
593 529 2953
94 95 3228
1720 1502 1953
2552 2560 2884
1027 2658 3282
748 749 778
1619 1385 1621
2494 2602 2786
969 1712 2730
1286 1997 2749
2864 2561 2945
762 726 2783
2655 762 2783
679 788 2647
542 501 2722
1137 1439 2771
1906 1907 2838
620 619 621
2594 2535 2810
994 967 2730
63 64 3062
1483 1326 1484
144 145 2986
2409 1837 2789
1409 1228 2665
1728 1730 2784
955 953 2718
1270 1558 1559
1083 1087 2781
1283 1383 2807
1230 1233 2665
1016 1192 1417
2240 1122 3329
238 377 2848
2732 1996 2733
727 2517 2783
1 2 3235
863 861 1162
76 2471 3502
1741 1742 1805
1401 2753 2764
619 617 2746
1173 1438 2720
575 553 2776
1192 1193 3133
2182 2472 3038
1944 1942 2579
967 969 2730
1238 1536 2689
977 955 2718
1247 1246 1425
622 674 2727
1290 1292 2794
1401 2764 3140
778 855 856
1529 1682 2207
1984 1985 2872
988 1118 2713
1769 2309 3075
1155 1159 2801
2590 2193 2833
1247 1425 1475
2287 1134 2910
1832 1703 1834
614 634 2627
1005 2512 2811
1560 2015 2787
1423 1922 2529
2811 1906 2838
1465 1464 1466
1486 1885 1915
2189 1613 3069
1973 1974 2022
1405 1064 2749
2264 973 3238
2093 2523 2939
685 686 724
2504 972 3119
1820 1821 1912
1517 1766 2152
1424 2647 2850
612 614 2627
662 717 2748
534 538 2791
2665 1716 2843
832 1059 2719
815 1083 2781
2393 996 3269
730 676 2705
2774 3463 3470
1905 3127 3374
2660 1290 2794
1872 2393 3166
1620 2060 3021
1444 1330 1487
1326 1327 2808
618 617 619
1671 1672 1741
2589 2561 2864
1107 1108 2782
1710 628 2748
733 784 2901
2206 931 3280
1674 1765 2819
676 1363 2705
2242 2553 3471
377 643 2848
674 680 685
1835 1834 2123
1469 1467 1702
628 662 2748
2175 2000 2904
1621 1385 2690
864 863 865
2838 1907 2856
1279 1671 1839
525 562 2947
2588 1547 3187
890 891 941
726 727 2783
856 990 2669
1577 2233 3453
1961 2493 3071
2297 2579 2580
895 739 3107
479 477 817
2642 542 2722
1809 1810 2390
325 326 2047
2380 2704 3010
1243 1972 1973
502 504 1289
2518 2660 2794
623 624 654
1357 1376 1549
1108 1165 2782
2362 1962 3186
431 423 2815
778 856 2669
1328 1514 2800
1428 1996 2732
2774 2021 3400
836 835 843
1700 2028 3092
1216 1090 2841
843 1097 1115
10 11 3159
386 2625 3020
1017 698 2901
787 671 861
1703 1702 2712
1094 1093 2758
2756 1809 2823
941 1107 1338
1893 1475 1894
2312 993 2959
1928 2689 2845
1498 2566 2615
1194 989 2713
2535 1308 2810
1128 1129 1489
1746 1748 2053
1801 2150 2816
501 549 2722
1233 1716 2665
1849 1993 2754
1675 2394 2870
1787 3263 3456
1273 2856 2878
1585 2316 2891
620 714 2886
1497 1367 1528
1005 2811 2838
1416 1211 2775
725 881 3034
2035 1955 3125
1369 1410 2734
1098 926 1158
1175 1176 2767
225 440 3255
218 219 2906
1404 1756 2933
2297 1944 2579
1275 1531 2936
2619 2623 2846
1614 1405 2749
1176 1179 2767
888 1401 2803
1809 1482 1810
1697 1428 2732
1099 987 3396
1938 1937 1940
1389 1121 2755
614 615 616
1750 1751 1752
1401 890 2753
148 2935 3495
616 615 617
1242 995 2270
2343 2103 3384
933 2273 3379
866 865 926
167 1150 3051
1467 1466 2701
2257 1551 2734
2697 1926 2820
1149 1148 1329
2462 1365 3169
91 1952 2994
70 71 2879
2615 1664 2616
2485 1652 3069
2513 1100 2980
520 1202 2796
528 1102 2316
1115 1278 1279
2152 1766 2199
1064 1286 2749
2452 1005 2838
1067 3009 3087
989 988 2713
1050 51 3165
1924 1687 2131
1296 1357 1358
1914 2484 2853
549 1710 2722
1727 2718 2858
2138 1674 2819
1247 1509 2758
2584 1022 2939
2081 1241 2826
2595 1833 2597
2149 1427 3436
1306 2608 3083
53 1823 3401
1911 240 2491
1482 1216 2841
742 2908 2973
1300 2926 3423
3208 2085 3255
2967 951 2982
1706 1704 2837
843 835 1097
1958 1587 3068
1244 1836 2793
533 534 2791
156 157 2785
1508 2141 2949
507 505 2833
753 772 2770
304 305 3363
814 813 835
1517 1408 1766
548 1304 1430
2628 951 2967
1816 2685 2969
1547 1721 3014
1093 1247 2758
2340 2511 2966
1492 1668 2824
1115 1097 1278
2797 841 2977
755 2681 2999
264 595 623
646 644 1320
1338 1107 1753
2440 2019 3479
2012 2984 3151
1211 1061 2775
845 904 2757
769 619 2746
2601 1887 3144
2604 2831 2972
1104 677 2737
2534 1740 3023
1022 384 3020
2391 2128 2887
514 665 2868
2165 370 3129
2045 2896 3249
1855 2873 3050
1195 1341 3026
477 475 2769
2625 2094 3020
180 181 3225
1191 1408 1517
2689 1536 2845
591 471 2981
2111 2570 3476
2452 2838 2856
1453 2820 2913
819 820 824
2150 1827 3067
106 107 3063
2424 1424 2850
317 318 3437
2443 1662 2970
1995 2713 2805
154 1103 3232
807 782 813
1296 1358 2031
1711 1175 2767
2650 2697 2820
2337 1941 3099
109 110 911
912 841 2797
1924 2131 2132
146 147 3495
1930 1928 2845
1012 2736 2827
2648 2424 2850
1515 2709 2831
1157 254 3195
2763 1906 2811
2736 1691 2827
1047 2252 3215
2581 1012 3147
2549 2452 2856
1527 146 3495
2048 1376 2814
2002 2954 3111
1117 1340 2849
1856 1430 2222
1269 1135 2771
546 592 3010
2659 2650 2820
781 751 782
1566 1941 1942
1500 1679 3006
1461 1726 2009
750 701 751
1690 2500 2831
1067 3087 3113
1398 1052 2936
933 121 3243
700 655 701
2741 753 2770
712 1092 2996
1218 1220 3156
1691 1936 2827
1734 1736 2842
1810 1482 2841
1725 1701 3135
915 3115 3239
772 886 2770
2677 2220 3211
2102 3200 3384
2161 2163 2869
455 444 947
2728 2368 2916
2180 2863 3097
1681 2695 2799
1578 2254 3273
2725 1892 2867
1586 24 3485
2946 2313 3044
890 889 891
397 399 2863
1183 2539 3467
506 508 707
1548 1407 2877
951 2661 2982
1279 1278 1671
259 260 819
2434 523 3227
1750 1752 2101
2235 1577 3202
2018 1619 2795
2885 2107 3377
1317 2313 2946
1560 1559 1687
1820 1523 1821
2108 2086 3132
1453 2659 2820
1422 2929 3307
2346 1865 2347
1759 1761 3042
2543 1011 2853
1753 1107 2782
2127 2269 3058
3261 2109 3341
1718 2290 2807
2548 1744 2813
654 624 655
2511 1815 2966
1822 2855 2934
2051 2284 3174
466 493 2804
1148 1089 2777
1702 1467 2701
1722 2648 2850
1014 1713 2952
1794 780 2705
1834 1703 2712
1210 1209 3016
2546 567 2840
2810 1308 2864
2676 1805 3349
210 925 3445
2426 2425 3294
797 798 2817
3086 1871 3113
708 797 888
1382 1212 3471
1071 689 2728
1718 1983 2290
732 884 2737
1118 1191 2805
819 260 820
2520 492 3041
2169 3389 3496
742 2664 2908
2386 2619 2846
3092 1058 3389
1270 1559 1560
2329 1807 3172
1974 1972 2473
2008 2727 2892
1761 1762 2751
2820 1926 2913
1136 1135 1269
1128 1077 1129
454 466 1051
157 821 2785
1565 1527 2750
2479 2731 3179
2304 2294 2903
2213 2417 3422
2709 1690 2831
2179 2178 3137
1375 1374 2896
1061 1062 2775
2458 992 2857
915 1366 3115
1136 1270 2787
2313 1767 2889
1828 1829 2154
1133 1388 3123
1991 1848 2895
1854 1783 2908
1495 2455 3060
1487 1330 2788
1914 2853 2884
1296 636 1357
92 93 3130
904 872 2952
2636 1071 2916
1043 1106 2904
1583 1445 2888
1308 2589 2864
2067 2598 3500
2948 1712 3148
2631 1872 3004
2626 1494 3366
2050 2051 3233
1327 1267 3007
460 1010 3097
813 782 840
1062 912 2797
346 347 3138
2767 1311 2900
1202 1283 2876
2605 1210 3244
2280 707 3229
332 1818 3289
1824 1825 2893
2623 1662 2846
2119 2366 3368
2079 1685 3310
560 596 3128
1716 1869 2843
839 2359 3409
2284 2052 2968
2611 1959 3104
927 1135 1136
1330 1329 2788
2718 1144 2858
2102 2252 3200
1829 1343 2859
1144 1371 2858
2089 2506 2875
2245 2195 2883
2214 2886 3361
2889 1050 3044
941 1338 2753
1907 1908 2878
2041 2389 3468
925 211 2907
2002 1968 2954
1662 1661 2970
38 609 610
2850 2647 2978
740 513 2723
212 213 3504
1979 2864 2945
188 189 2926
1150 1688 3051
707 2278 3184
2727 674 2892
890 941 2753
1307 2472 3202
2007 2008 2822
833 514 2868
1507 2768 2860
2853 1011 2884
509 577 3101
1314 2389 3415
2337 154 3232
3293 1485 3354
1619 1621 2795
2295 1143 3008
2055 2707 3395
1553 179 3225
1367 1098 2806
1921 1422 3307
1717 1244 2793
1261 1565 1566
1423 1921 1922
1536 2197 2845
2093 2939 3397
2757 904 3359
701 655 810
670 1538 2879
629 568 1999
2107 1157 3377
2499 2501 3282
2432 656 3164
1232 1231 3486
2630 516 3101
2029 12 3490
2657 1896 3263
2214 2213 3422
309 310 3410
2609 1891 3052
2626 675 3306
494 467 2830
2783 2517 2937
2574 874 3012
2266 2422 3089
1858 2267 2890
1136 1269 1270
612 613 614
2199 1766 2672
1966 1699 3237
2758 3022 3095
1835 2124 2931
1112 218 2906
1978 1979 2945
2005 2206 2993
2666 1884 2918
2894 1780 2919
296 839 3299
2318 2317 2322
714 652 2996
2253 2969 3154
2510 1780 2894
1560 1687 1924
2899 120 3379
87 88 2928
2395 1822 2934
852 1794 2818
11 903 3159
2921 2427 3117
2884 2560 2920
2146 2334 3223
2152 3029 3074
497 515 3175
614 613 615
1571 2050 3386
2068 2120 2989
499 2495 2969
810 3066 3461
676 647 1363
1191 1517 2805
2350 2234 2941
744 763 3351
2529 1922 2839
1892 2546 2867
1566 1565 1941
888 797 889
1098 1158 2806
1494 896 3366
1261 1527 1565
2583 972 3267
791 1054 3012
2042 309 3410
2232 1864 3081
2293 1249 3192
698 733 2901
136 1399 3281
1439 1284 3090
2704 555 3010
1318 1317 3085
973 974 3238
2713 1118 2805
1472 2725 2867
664 494 2830
554 2327 3427
2507 2096 3494
1590 2390 2922
1898 1770 2974
2174 118 2979
1752 3321 3438
1917 2538 3298
2916 2368 2974
2339 1542 3283
2990 1977 3194
2462 1975 3402
623 595 624
1452 1934 3279
1966 2630 3101
1992 2483 3021
1732 1415 2975
333 334 3046
2084 2792 3432
764 2698 2880
1283 2807 2876
1011 2552 2884
1762 2025 2751
162 636 1296
723 664 2909
2616 1664 2617
1162 861 2871
2707 2055 2898
2006 1976 3346
1744 1746 2813
2054 1824 2893
1095 1807 2817
1488 2196 2932
527 1655 3077
2184 3161 3234
1973 1972 1974
1134 1132 2910
1077 940 2818
2240 304 3363
798 1095 2817
1509 2056 3022
1430 1304 1462
610 611 612
2090 2089 2875
947 2470 3460
963 973 3248
2262 2260 3442
2812 642 3170
2069 2285 2911
559 2113 3301
2796 1202 2876
1489 1129 1537
1450 1343 1828
2823 2099 3444
2168 1511 3469
612 611 613
246 3030 3091
2640 790 3152
853 660 2832
824 927 2821
52 53 3401
1329 1535 2788
1332 865 2835
1873 2349 3045
2655 2783 2937
2546 2840 2867
1020 2461 3238
1780 1826 2919
2554 2436 3447
3032 1929 3100
2630 1966 3237
69 70 3039
2840 567 2865
1909 1660 3230
492 479 3041
1933 935 2956
690 708 2803
881 2427 2921
2219 458 3353
2768 1889 2860
615 613 1025
54 55 1384
112 3109 3258
2191 1893 3098
660 646 2832
1793 1914 2920
2695 1300 2951
2193 2194 3043
1646 2374 3071
1697 2732 2923
2664 1854 2908
2087 1471 3236
1711 2767 2900
3078 523 3309
2171 2940 3392
2835 1162 2844
2893 1825 2911
1926 1927 2913
142 1143 2917
2449 769 3112
2180 1706 3449
1880 2946 3044
2049 1812 3033
1832 1835 2912
562 2666 2918
2530 2839 3463
3210 2028 3352
1056 2711 2895
1839 1671 2812
1952 92 3130
1489 1537 1863
246 247 3030
2723 3240 3343
2856 1907 2878
2168 3126 3462
1528 1367 2806
819 824 1463
2587 2013 3016
179 180 3225
1819 2491 2995
2493 1183 3467
1712 3102 3148
2035 3125 3317
2104 2138 3426
79 80 1344
888 889 890
1264 2429 3007
2260 1683 3442
2033 2857 3376
863 1162 2835
480 497 3227
1333 2498 3483
618 620 2886
610 609 611
1642 1645 3088
2347 1865 2348
3290 2237 3375
786 113 3374
3299 2342 3383
601 2127 2962
1393 2221 3207
2698 1910 2880
972 564 3267
2852 2174 2899
637 2630 3237
116 2049 3096
2498 2508 3483
663 879 3268
2570 1490 3339
648 1104 2778
1546 2331 3033
2517 2003 2937
959 880 3221
1577 1297 3202
2522 2792 3137
1793 2920 2958
2110 2005 3181
874 777 3012
1601 2482 3061
1253 960 3201
2523 2524 2939
2368 1072 2974
1512 1579 3435
889 797 2817
2078 1711 2900
2176 2083 2981
3292 2626 3306
998 2507 3494
2358 3059 3079
3087 1993 3431
1927 1929 3032
2858 1371 2944
379 239 3314
2696 2104 3371
302 303 3496
2032 3220 3360
713 653 3152
440 1804 3503
1356 2861 2862
2425 1735 3294
1746 2053 2813
1715 1966 2957
1998 1697 2923
1709 1294 2940
1939 1938 3192
596 550 3425
1387 2587 3016
2860 1889 2933
1270 1560 2787
2040 3203 3271
569 578 2960
1889 1404 2933
1946 2384 3499
2795 2997 3338
2826 1241 3052
1829 2859 3153
262 2322 3196
2174 1812 3497
1671 1741 2812
2491 2305 3199
2276 1960 3224
524 257 3252
647 232 3216
865 863 2835
2598 1013 3500
1791 1793 2958
2142 1873 3045
574 583 3223
2990 3194 3405
841 767 2977
2529 1127 3437
133 134 1449
511 525 2947
2051 3174 3233
1722 2850 2978
1371 2020 2944
3371 2104 3426
925 2710 3245
1818 333 3046
2021 2774 3470
54 1384 1431
529 557 2953
2012 3151 3188
2133 2134 3189
2050 3233 3303
2254 2217 3273
2793 1836 3054
493 740 2804
1341 2919 3026
2746 617 2881
1626 1838 3353
3426 2138 3486
2712 1702 2847
2561 1049 2945
2173 2378 3088
83 84 3508
1833 690 2803
2677 2401 2927
81 2682 3276
196 2069 3145
1636 1637 3250
1791 2958 2967
1294 2402 3419
227 228 3330
817 477 2769
3270 2131 3454
1446 1167 3108
1524 2232 3035
861 671 2871
1298 1153 3483
1702 2701 2847
1789 1791 2967
1432 2534 3340
320 2170 2929
674 685 2892
1980 2800 3093
12 13 3490
1895 2036 3222
2876 2807 3013
1811 2391 2938
1825 2694 2902
3325 3047 3403
2755 1453 2913
2435 2434 3227
1554 332 3289
1063 69 3039
646 1320 2832
768 1122 3363
440 3208 3255
2620 1508 2949
1996 1995 3074
2115 2959 3168
91 2994 3276
1901 2023 3197
872 1014 2952
1511 2168 3390
2800 1514 3093
1524 3035 3070
3166 2393 3269
1062 2797 2912
1880 1879 2946
233 2037 3216
993 2635 2959
1062 2912 2931
239 1911 3314
371 372 3129
264 265 595
1815 2136 2966
1941 2337 3232
2390 1810 2922
1446 2799 2950
1710 2696 2964
2896 1374 3249
1497 1528 2914
1617 2119 3368
254 255 3195
2750 1527 2935
1097 835 2882
2297 2580 3214
2284 2999 3174
2034 2033 3376
1023 2633 3176
2012 325 2984
1789 2967 2982
2052 2557 2968
629 1999 2871
1589 1590 2922
1914 2884 2920
1802 2721 3079
1984 2872 2873
224 1256 2356
1129 1077 2818
1450 1828 1876
2642 2722 2964
2123 1834 2861
1856 2223 3421
1564 1279 3367
2576 923 3015
1978 2945 3004
2799 1446 3108
1460 2702 3311
1911 2491 3199
904 3144 3359
1200 2204 2955
1484 1326 2808
1071 2728 2916
2662 2747 3241
1748 1750 2874
2722 1710 2964
257 2361 3252
1068 1798 3290
2892 742 2973
617 615 2881
1998 2923 2924
2053 1748 2874
2971 2751 3503
616 618 3256
1834 2712 2861
2154 1829 2961
34 2246 3316
656 654 3164
1951 2797 2977
1528 2806 2903
2939 1022 3397
2681 2878 2999
1183 2493 3135
1661 1813 2970
2401 1253 3136
2463 1543 3302
2504 2034 3376
2473 1972 3109
2132 2131 3270
1393 1110 3209
1894 1475 3072
1094 2758 3095
2688 533 3205
260 261 3196
213 3398 3504
1820 1912 3187
1543 2442 3302
3104 2078 3328
1052 1275 2936
911 1213 1214
1783 2771 3031
664 2830 2909
1788 1789 2982
2378 1643 3088
1807 1252 3172
2685 499 2969
88 89 3118
1494 2626 3292
1735 1455 3294
1976 2513 2980
671 629 2871
1479 2655 2937
626 2398 2990
1358 2643 3473
1885 2110 3114
2436 2435 3175
286 287 3482
2614 1990 3303
245 246 3091
2131 2542 3454
1396 1495 3332
2229 699 3017
1890 1722 2978
2817 1807 3024
1132 2014 2910
2275 763 3380
1715 2957 3089
1894 3072 3489
378 1871 3260
2463 2462 3402
324 2012 3188
297 298 2129
2525 1183 3135
2635 1636 3168
2302 583 3253
2306 1754 3015
73 74 3337
1865 1497 2914
1903 2121 3295
835 813 2882
1750 2101 2874
3115 2056 3239
1645 2017 3400
708 888 2803
2330 81 2994
651 2934 3297
2185 2186 3133
1840 2111 2991
471 518 2981
2945 1049 3004
1415 1416 2975
1688 2836 3051
2954 2793 3111
1543 2463 3402
1479 2937 3053
2358 1563 3059
2937 2003 3053
2775 1062 2931
99 663 3105
2480 2844 2976
782 751 3143
1380 2730 2948
2454 1494 3292
1852 2358 3095
370 371 3129
1200 2196 3443
2805 1517 3074
2272 2852 2899
1380 2948 3058
2277 1524 3070
3373 1576 3468
1575 3104 3328
1214 1213 1243
1826 1499 3120
555 546 3010
2771 1439 3031
2730 1712 2948
182 183 3017
139 140 3005
1499 1500 3120
2428 1777 3055
1925 2997 3170
1449 134 2963
2903 2190 3287
3006 1817 3038
2003 2464 3053
2310 1888 3183
2442 3138 3302
1343 1214 2859
1503 1502 1720
2341 296 3299
1583 2888 3506
1679 1817 3006
3298 2538 3348
786 2473 3109
1103 155 3037
1868 2198 3000
903 2030 3027
652 712 2996
1463 824 2821
1051 466 2804
2799 2695 2950
1530 1947 3158
813 840 2882
1243 1971 1972
548 355 1304
2773 2016 3336
1717 2793 2954
767 802 2977
1423 1422 1921
271 1795 3312
247 950 3030
1502 375 3018
1902 3032 3100
738 1576 3373
699 182 3017
1439 2822 3031
2924 2923 3481
310 311 3410
2337 3099 3465
2673 2068 2989
2165 1692 3451
591 2981 3432
360 2381 3414
1210 3016 3244
297 2129 2130
3296 1099 3396
592 2642 3167
1981 1980 3093
2970 1813 3003
2133 3189 3475
630 245 3091
1813 2176 3003
2647 899 2978
2114 2115 3168
3321 2167 3438
1425 1764 3072
1186 2887 3342
3019 2071 3193
586 2816 3000
2348 1865 2914
927 1136 2821
2429 915 3239
2139 2799 3108
226 227 3505
1227 1409 3304
189 190 3139
155 156 3037
1740 1987 3023
3158 1947 3306
1501 1502 1503
1462 1304 2135
2706 1466 3395
1851 1850 3057
1764 2270 3318
1209 1387 3016
384 386 3020
1685 2828 3310
1804 226 3505
1817 2182 3038
1215 1343 1450
119 120 2979
1450 1876 2071
889 2817 3024
2008 2892 2973
911 1214 1215
3002 1416 3011
38 610 818
2934 2855 3297
2831 2500 2972
2063 1975 3169
2249 2944 3149
1575 761 3104
2707 2706 3395
601 2962 3425
2172 2836 3493
1427 2149 3480
2816 2150 3000
2252 2922 3215
439 454 2766
1995 2805 3074
1904 2302 3253
2551 1863 3477
1444 1487 3191
526 527 3077
743 2537 3449
1215 1214 1343
2020 2054 3459
20 21 2897
2608 1195 3026
2622 1023 3442
1136 2787 2821
2047 326 2851
289 2451 3350
1158 926 3178
1929 2040 3100
2291 1903 3295
3138 2426 3302
2482 1881 3061
105 3063 3193
1863 2551 3334
2241 2242 3128
736 725 3034
2912 1835 2931
3140 2764 3464
2992 2111 3476
1420 1318 3182
2778 1104 2779
1752 1751 3321
325 2047 2984
615 1025 2881
1859 1860 3065
3280 135 3281
84 2928 3508
1488 2122 2196
1049 2631 3004
98 99 3105
911 110 1213
1786 1787 3456
2538 3039 3348
777 791 3012
1794 2705 2942
2682 90 3276
2571 1620 3021
1587 2460 3068
2059 1961 3071
1399 2265 3181
1243 1973 2859
1214 1243 2859
1366 1852 3115
2950 2695 2951
1838 2410 3211
1613 2485 3069
70 2879 3039
2841 1047 3215
1827 2264 3067
1409 2843 3357
2416 770 3134
2754 1993 3009
1431 1384 1488
2923 950 3481
1804 2971 3503
359 360 3414
1318 3085 3182
577 2833 3043
1249 2739 3192
2232 3081 3343
1289 2281 3333
2542 1406 3454
2145 2251 3417
736 3034 3107
2325 2801 3036
2422 1715 3089
2747 878 3241
2451 2754 3009
2822 2008 2973
919 920 3200
569 2960 3267
2058 2520 3041
2027 1533 3045
1618 2668 3434
2203 2750 2935
1967 1669 3124
1267 1264 3007
1836 2245 3054
287 1067 3113
1505 2100 3455
220 741 3331
2733 1996 3029
2961 959 3221
3012 1054 3264
612 2627 3308
236 2618 3334
1360 206 3358
3065 1860 3102
105 106 3063
476 478 3078
152 153 3465
746 1543 3402
653 621 3478
2737 1759 3042
1241 2609 3052
1937 1935 3370
1955 1954 3125
2026 1306 3083
171 172 3408
1480 1479 3053
1462 2135 3370
1890 2978 3141
327 328 3278
2367 1769 3075
344 345 3288
133 1449 2544
937 2290 3369
2544 1449 2545
1416 2775 3011
1957 2345 3242
1945 1802 3059
1488 1384 2122
2875 2153 3048
1684 2876 3013
714 2303 3361
1579 3040 3435
2919 1826 3026
1962 2742 3186
452 460 3097
1289 504 3184
2098 3231 3369
891 889 3024
2090 2875 3048
1825 2902 2911
206 207 3358
1104 2737 3042
2795 1621 2997
1805 2676 3385
3022 1852 3095
1942 1941 3458
2705 1363 2942
2184 1875 3161
57 58 3394
1902 2755 3032
276 991 3177
149 150 3185
2250 307 3251
3001 2231 3203
3413 2066 3461
2433 2432 3164
2000 1550 3346
931 3247 3501
1501 1503 2834
1839 3170 3180
2442 1543 3288
3200 920 3384
1879 2080 3085
2306 3015 3345
235 236 3334
2890 818 3308
516 509 3101
1772 2744 3488
2488 10 3159
2924 250 3293
1102 2597 2891
1860 1862 3102
1418 1192 3133
880 100 3221
1284 1432 3090
639 1133 3123
115 116 3096
2615 2616 3106
593 2953 3447
2091 2253 3154
1504 359 3414
2818 1794 3076
3165 52 3401
1212 560 3128
899 2757 3141
1876 1828 3082
2018 2795 3260
2686 1380 3058
1867 2339 3283
1643 1642 3088
2034 2504 3119
1627 193 3378
2466 2467 3450
1514 2046 3093
3463 1473 3470
2299 2569 3162
3004 1872 3166
2865 567 3314
168 169 3428
1930 2845 3001
1761 2751 2971
2060 2018 3086
2859 1973 3153
2814 476 3078
2351 1474 3332
2259 2447 3117
2913 1927 3032
369 370 3451
2001 2391 3262
2720 2140 3433
2119 1618 3171
2573 743 3347
2978 899 3141
259 819 2985
3072 2247 3489
1466 1464 3395
444 76 3502
1073 2426 3138
1920 1919 3257
506 707 3184
3027 2030 3357
2999 1908 3174
1475 1425 3072
2010 171 3408
2474 1516 3116
357 358 3362
1517 2152 3074
1205 1577 3453
2472 2235 3202
707 508 3229
1887 1994 3144
1953 1502 3018
2037 3372 3391
739 736 3107
2092 2091 3286
200 201 3190
3030 2733 3091
2355 2798 3291
2492 2118 3241
1103 2579 3458
1243 1213 1971
2169 1700 3092
2227 2228 3457
770 2010 3204
3015 923 3345
2359 2130 2998
1338 1753 3047
2961 1829 3153
321 322 3188
2327 2092 3427
354 502 3333
2801 1915 3036
2301 1878 3430
1495 3060 3332
1798 2351 3060
2103 2102 3384
2755 2913 3032
1785 109 3212
3372 2037 3477
2837 743 3449
1721 2828 3014
318 1423 3437
595 265 2988
138 2265 3507
2495 986 3154
3014 1820 3187
2060 3086 3087
1220 1309 3156
511 2947 3229
2023 1902 3100
1941 1565 3099
1811 2938 3300
2878 1908 2999
1932 2167 3321
3132 2086 3266
21 2930 3381
1054 2657 3264
479 817 3041
2627 2890 3308
1930 3001 3203
2147 1965 3171
2830 467 3460
1924 2132 3327
95 917 3228
2721 1094 3079
1537 1129 3076
2807 2290 3013
2758 1509 3022
1741 1805 3385
1122 2842 3329
2473 786 3127
3134 770 3204
2931 2124 3011
2854 2341 3383
370 2165 3451
2845 2197 3001
2276 3224 3493
3103 57 3394
1694 2359 2998
2778 1986 3412
2502 1899 3240
3050 1427 3480
2946 1879 3085
568 526 3077
1523 1511 3390
878 2492 3241
3021 2060 3431
784 2397 3411
3246 1186 3342
1855 3050 3480
2742 882 3186
1999 568 3077
2427 2656 3117
1959 2078 3104
2857 992 3376
2825 1786 3456
2731 1332 3179
1828 2154 3082
3022 2056 3115
2849 1340 3125
2852 1546 3033
372 2834 3129
1735 2425 3484
1010 2522 3137
2442 346 3138
2493 1725 3135
2044 2045 3134
2775 2931 3011
24 25 3485
1933 2975 3002
2324 2325 3162
960 959 3201
1167 1169 3108
2316 1102 2891
2766 1757 3448
2115 1957 3242
1414 2790 3344
1915 1885 3114
285 286 3482
135 136 3281
1320 644 3145
3085 2080 3182
2888 1578 3273
2060 3087 3431
2345 1242 3242
1528 2903 3287
2402 3230 3419
455 947 3460
2833 2193 3043
3247 2963 3501
232 233 3216
2862 2861 3356
1931 3325 3403
515 593 3175
1668 1978 3166
1413 2707 3130
1058 302 3389
3071 2493 3467
1535 1694 3219
2524 2615 3106
790 713 3152
1692 369 3451
2656 2259 3117
38 818 3110
2265 1399 3507
2305 1775 3199
2926 2064 3423
2090 3048 3329
2895 2711 3313
2923 2732 3446
2374 1989 3323
5 6 3416
1973 2022 3153
810 655 3066
2975 1416 3002
654 700 3164
741 221 3488
2922 1810 3215
2313 2889 3044
1863 1537 3477
7 8 3366
287 3113 3482
3046 334 3163
2290 1983 3369
358 1504 3362
2827 1939 3147
642 2812 3385
1529 2207 3420
2108 3132 3341
611 609 1427
2618 1863 3334
3450 947 3502
2743 1763 3207
2519 1125 3248
1912 1821 3124
169 2416 3428
2044 3134 3204
2186 1890 3141
1954 2849 3125
2065 1627 3403
1871 285 3482
2793 3054 3111
1129 2818 3076
2703 1397 3492
2957 577 3043
6 1395 3416
223 224 2356
1531 1530 3158
2238 2151 3285
2263 2519 3248
743 2837 3347
1953 3235 3246
2981 2083 3432
1908 2531 3174
308 1397 3251
2678 1393 3207
504 506 3184
2997 1621 3180
2803 1401 3140
42 43 3231
1893 1894 3098
1763 2678 3207
2873 2872 3404
655 624 3066
1988 2007 3340
3057 592 3167
121 122 3243
1565 2750 3099
2064 2065 3423
1252 1532 3172
858 2483 3313
454 1051 2766
1978 3004 3166
2022 1974 3136
2792 2179 3137
2519 1799 3189
1576 2041 3468
345 2442 3288
363 364 3499
2752 20 2897
585 574 3223
2788 1535 3417
2676 642 3385
2220 2219 3211
1025 613 3049
2013 2142 3244
644 512 3145
1888 2607 3183
255 2674 3195
1067 288 3350
150 2203 3185
8 2626 3366
2633 1675 3176
2597 1833 3140
879 1933 3268
1365 2680 3169
1938 2293 3192
1450 2071 3019
624 595 1109
209 210 3445
2779 1104 3042
2344 2301 3473
613 611 3049
769 2746 3112
374 1501 3284
1969 2702 3272
64 2735 3062
840 782 3143
1471 2404 3236
2867 2840 3206
2861 2712 3356
2322 2317 3196
3191 1487 3352
1338 3047 3325
2381 3094 3414
1949 1948 3205
2983 2001 3262
1361 2532 3475
1643 2378 3424
30 31 3213
2046 2044 3204
2048 2814 3078
1991 2895 3313
1833 2803 3140
1554 2984 3365
1297 1307 3202
1532 2027 3194
2077 2075 3382
2071 1876 3080
2532 2133 3475
675 2002 3306
1474 1396 3332
583 2624 3253
1340 2326 3317
2692 1421 3160
2935 148 3185
2483 1991 3313
1896 2070 3263
2764 2753 3325
1699 2087 3237
1215 1450 3019
1547 3014 3187
3083 1826 3120
523 480 3227
2227 1553 3225
3172 1532 3194
639 3123 3490
896 7 3366
2088 1735 3484
2189 3069 3441
153 2337 3465
2724 2117 3320
2470 2830 3460
1125 963 3248
2574 3012 3264
137 138 3507
2994 81 3276
2223 3156 3421
307 308 3251
2002 3111 3158
3259 1946 3499
2037 2551 3477
2055 78 3315
2341 3299 3383
2002 3158 3306
230 231 3025
1110 1377 3209
3016 2013 3244
1675 2870 3176
1972 1971 3109
3080 1876 3142
1660 1945 3230
3174 2531 3233
974 1020 3238
2070 1895 3222
2043 1969 3272
2082 1909 3335
819 1463 2985
2040 1930 3203
564 569 3267
2384 1946 3375
1345 2440 3479
3399 2063 3424
920 2343 3384
926 1332 3178
3252 2015 3327
882 2717 3186
1578 1444 3191
366 1946 3259
2168 127 3126
2980 2000 3346
1317 2946 3085
2064 2926 3440
2402 1351 3335
508 511 3229
248 249 3481
2744 1901 3197
3125 1340 3317
2140 2139 3433
2531 1303 3233
1922 1921 3163
1012 2827 3147
2835 2844 3179
1567 2283 3270
2905 1932 3321
1637 2185 3250
2417 634 3422
2886 714 3361
1668 3166 3269
162 1296 3173
1213 110 3064
2139 3108 3433
950 248 3481
2953 2057 3447
3263 2070 3456
2317 260 3196
2221 2743 3207
2233 1452 3279
2235 2472 3380
3154 986 3286
89 2682 3118
3189 1799 3475
2117 2118 3320
1296 2031 3173
124 1510 3322
313 314 651
2774 2530 3463
741 3198 3331
2358 3079 3095
2217 2279 3273
3222 2036 3398
1794 2942 3076
2926 189 3139
2016 2144 3336
2148 1917 3298
192 2064 3440
3 1186 3246
2056 2191 3239
1384 55 3103
2834 372 3284
2091 3154 3286
2500 2499 3282
207 2038 3358
1935 3277 3370
2303 2211 3361
2118 2662 3241
2569 2297 3214
1423 2529 3437
219 220 3331
2004 2703 3492
2738 2344 3439
1852 3022 3115
2048 3078 3309
2906 3198 3271
373 374 3284
2030 2238 3357
1839 2812 3170
2307 2306 3345
2092 3286 3427
2901 784 3411
2222 1462 3277
2472 2275 3380
1621 2690 3180
2837 1707 3347
533 2791 3205
32 2345 3213
1946 1068 3290
1410 1472 3254
950 2923 3446
2702 1659 3272
2391 2887 3262
1511 125 3469
2062 2759 3226
3233 1303 3303
987 1218 3396
1931 2764 3325
3108 1169 3433
1941 3232 3458
2508 1771 3435
986 2459 3286
2955 1920 3257
1567 3270 3454
1916 2574 3264
930 2653 3355
2148 3373 3468
765 744 3351
1466 2706 3474
1472 3206 3254
2840 1913 3206
2965 2119 3171
1406 1567 3454
368 1811 3300
1503 1720 3122
512 196 3145
1891 1205 3453
2955 2204 3305
2780 566 3323
550 601 3425
2135 3265 3370
2918 1884 3161
191 192 3440
2301 3430 3473
2759 1360 3226
1730 2249 3301
2019 1571 3386
1487 2788 3210
634 616 3256
2744 3197 3488
2926 3139 3440
2740 1460 3311
2951 1300 3423
1332 2835 3179
923 2640 3345
3028 354 3333
2083 2084 3432
2791 1949 3205
2094 2093 3397
1022 3020 3397
502 1289 3333
130 834 3444
2889 2269 3418
2425 1970 3484
2842 2090 3329
221 1772 3488
1998 3293 3354
2347 2348 3218
1455 1456 3294
303 1259 3496
1975 746 3402
2348 2915 3218
13 639 3490
2389 2148 3468
305 768 3363
1303 2614 3303
3112 2746 3487
2238 3285 3304
1862 2962 3148
2933 1756 3491
1875 2918 3161
2085 2032 3360
3193 2071 3387
3049 1427 3050
1713 1227 3304
3079 1094 3095
1616 1851 3426
2271 1626 3353
2226 2227 3457
1390 152 3465
2723 833 3240
2844 2479 3179
2944 2020 3149
2642 2964 3167
2501 2502 3466
1464 2055 3395
2203 2935 3185
1568 2271 3452
1231 1616 3486
1616 3426 3486
1812 117 3497
1490 1323 3339
1965 2965 3171
1940 1937 3265
1279 1839 3367
567 379 3314
2640 2307 3345
2269 2126 3418
1756 2762 3491
2279 2888 3273
1810 2841 3215
1851 3371 3426
917 2862 3356
2080 2932 3182
1990 1505 3455
1771 1512 3435
1189 1314 3415
1874 1617 3368
1397 2042 3492
1437 2063 3399
2222 3277 3296
995 33 3316
2057 2554 3447
1880 3044 3165
2711 858 3313
1851 3057 3167
1258 3494 3498
2887 1186 3262
2959 2635 3168
1799 1361 3475
1777 1776 3429
3286 2459 3427
1472 2867 3206
1510 2202 3322
1582 1258 3498
1363 3216 3391
1997 1998 3354
2223 2222 3296
2855 312 3297
3121 2015 3252
1374 168 3428
172 1305 3408
2872 1025 3404
1258 998 3494
3058 2948 3472
1989 2780 3323
1013 2081 3500
1449 2963 3274
2824 1668 3269
1585 3326 3378
2551 235 3334
610 612 3308
2017 2774 3400
1153 1333 3483
213 459 3398
1876 3082 3142
2026 3083 3120
2706 1897 3474
3275 2143 3362
2905 2066 3413
1754 1382 3471
109 911 3212
1670 2112 3305
2790 3036 3344
1538 738 3373
1473 337 3470
2192 1856 3421
3326 1931 3378
2384 363 3499
1501 2834 3284
3096 2049 3452
1484 2808 3341
2962 2127 3472
3055 1777 3429
2015 1924 3327
3111 1531 3158
2459 554 3427
1933 3002 3268
2674 3056 3195
2734 1410 3406
2196 2122 3443
1992 3021 3431
1344 80 2330
58 1200 3443
1915 3114 3344
1683 2622 3442
312 2855 3388
3054 1531 3111
2545 1449 3274
2283 1614 3377
2732 2733 3446
2753 1338 3325
3240 833 3466
118 2174 3497
1998 2924 3293
2764 1931 3326
1921 3046 3163
2431 1583 3506
1487 3210 3352
818 610 3308
1775 2865 3199
1945 3392 3419
2122 1384 3103
992 2504 3376
2005 2993 3181
1504 3275 3362
2879 1538 3348
2065 2951 3423
1112 2906 3271
903 3027 3159
1538 3298 3348
2847 917 3356
1542 2854 3383
1169 2720 3433
1900 2925 3438
2989 2120 3245
2154 2961 3221
3003 2176 3364
2668 2667 3434
2539 1646 3467
2166 2901 3411
3392 2940 3419
3102 1862 3148
2987 1437 3399
375 376 3324
2270 995 3318
1993 1992 3431
249 2924 3481
2993 1399 3181
1720 1953 3342
3255 2085 3360
1646 3071 3467
1585 2891 3326
1109 595 2988
2643 2175 3439
1821 1523 3390
2993 2206 3280
611 1427 3049
25 1461 3485
467 455 3460
2930 15 3381
2885 1997 3354
2255 3191 3352
3378 1931 3403
2891 2597 3464
231 2778 3412
1504 3094 3275
125 126 3469
2914 1528 3287
3046 1921 3307
2906 219 3331
1983 2098 3369
1823 1880 3401
1399 2993 3281
621 769 3478
3064 111 3258
75 439 3448
651 314 3157
624 1109 3066
2039 2987 3399
2502 3240 3466
187 1529 3420
1158 3178 3382
2855 2004 3388
2007 3090 3340
193 1585 3378
3234 1874 3368
3109 1971 3258
1971 1213 3064
3056 2132 3270
1947 3292 3306
2011 2963 3247
1751 2905 3321
2701 1466 3474
1986 3330 3412
2579 1942 3458
3151 1554 3289
3194 2027 3405
1785 3019 3193
947 444 3502
3271 3198 3407
2925 1752 3438
3198 2023 3407
2038 3226 3358
1256 225 3255
2851 326 3278
1410 3254 3406
2935 1527 3495
1706 2837 3449
2963 134 3501
1215 3019 3212
3148 2962 3472
1694 2998 3219
3039 2879 3348
2170 3151 3289
3326 2891 3464
3127 786 3374
1485 2885 3354
2271 3096 3452
2963 2011 3274
2283 3056 3270
79 1344 3315
2712 2847 3356
313 651 3297
2261 2870 3441
2812 1741 3385
2130 2129 3217
995 3316 3318
3086 2018 3260
3002 2200 3268
3110 818 3266
3082 101 3142
3009 1067 3350
3220 1256 3360
2356 1256 3220
439 2766 3448
3132 1484 3341
3198 2906 3331
1818 3046 3307
2361 3121 3252
2839 1473 3463
609 39 3436
833 2868 3466
2972 930 3355
911 1215 3212
524 3252 3327
1867 3283 3409
1953 3018 3235
3050 2873 3404
1627 3378 3403
2940 1294 3419
1976 2980 3346
3134 2045 3249
105 3193 3387
3156 1309 3421
74 1757 3337
1821 3390 3462
2964 2696 3371
3208 440 3503
2416 3134 3249
2451 3009 3350
1851 3167 3371
3036 1915 3344
2036 2907 3504
2604 2972 3355
3020 2094 3397
3330 3025 3412
2746 2881 3487
3040 2508 3435
1050 2889 3418
3330 1986 3505
2733 3030 3446
2868 2501 3466
3047 2065 3403
1871 3086 3260
2984 2047 3365
3018 375 3324
3098 1894 3261
3100 2040 3407
626 2990 3405
3035 2232 3343
3150 3149 3459
2915 73 3337
2928 88 3508
2769 2172 3493
3216 2037 3391
3146 2734 3406
2897 21 3381
3060 2351 3332
88 3118 3508
2998 2130 3217
2281 3028 3333
2251 3210 3417
3144 1994 3359
3090 1432 3340
2997 1925 3338
2516 2933 3491
2983 5 3416
1647 3150 3459
1971 3064 3258
1537 3076 3372
3180 2690 3367
3059 1563 3392
2942 1363 3391
3167 2964 3371
1994 3073 3359
3019 1785 3212
1880 3165 3401
2144 3157 3336
1953 3246 3342
459 3222 3398
1945 3059 3392
1946 3290 3375
2993 3280 3281
3049 3050 3404
3226 1360 3358
2169 3092 3389
1427 609 3436
3030 950 3446
28 2992 3476
2223 3296 3396
3069 2261 3441
1839 3180 3367
1025 3049 3404
1757 3218 3337
2127 3058 3472
3076 2942 3372
2023 3100 3407
3178 2077 3382
3279 1891 3453
2109 3261 3489
3124 1821 3462
2336 3146 3406
3126 1967 3462
3398 2036 3504
3113 1871 3482
3139 191 3440
2597 3140 3464
3316 2246 3318
2416 3249 3428
3218 2915 3337
3094 1504 3414
3210 2788 3417
3283 2342 3409
2948 3148 3472
3265 1937 3370
3149 2020 3459
3249 1374 3428
1256 3255 3360
3388 2004 3492
2764 3326 3464
2228 3160 3457
3277 1462 3370
3298 1538 3373
2148 3298 3373
3230 1945 3419
2042 3388 3492
3372 2942 3391
2122 3103 3394
3118 83 3508
2040 3271 3407
228 3025 3330
364 3259 3499
1967 3124 3462
1305 3291 3408
2086 3110 3266
634 3256 3422
3291 2010 3408
3066 1109 3413
3025 231 3412
3319 2031 3430
3386 1990 3455
3232 1103 3458
3197 741 3488
1878 3319 3430
3131 28 3476
2233 3279 3453
3256 2214 3422
2122 3394 3443
3261 1894 3489
3157 315 3336
227 3330 3505
2019 3386 3455
1537 3372 3477
3394 58 3443
118 119 2979
134 135 3501
161 162 3173
326 327 3278
353 354 3028
1 376 0
55 56 3103
120 121 933
120 933 3379
2202 122 3322
229 230 228
258 259 2985
263 264 1539
265 266 2988
296 297 839
355 356 1304
1986 2779 2971
