26 235 132
55 175 69
140 243 240
1 275 157
13 70 12
174 225 162
187 265 186
151 242 44
172 218 131
163 281 11
11 220 163
172 213 205
107 213 179
186 265 246
140 240 53
205 213 173
30 215 194
203 237 101
32 181 31
184 188 187
149 218 172
15 257 14
37 35 36
6 266 121
148 268 248
154 204 122
174 286 225
37 205 35
161 252 241
188 254 159
191 258 132
159 216 188
173 213 107
94 183 86
180 193 27
22 272 227
45 151 44
20 177 176
51 120 50
9 266 239
101 219 203
202 251 244
241 252 93
13 71 70
227 272 228
248 268 171
204 259 122
105 182 90
9 239 8
44 242 103
216 277 187
188 216 187
27 194 180
244 251 170
131 213 172
172 205 66
67 181 32
223 229 156
171 276 248
181 267 31
94 188 183
183 188 184
20 176 19
86 183 84
162 276 174
105 287 182
28 278 194
207 258 191
65 276 171
231 279 103
30 267 215
14 195 13
51 240 120
179 263 107
175 229 69
14 257 195
164 249 238
210 279 231
180 215 147
7 239 6
212 264 178
46 174 65
197 264 212
139 237 203
197 247 104
215 250 147
187 277 265
13 72 71
177 178 176
103 242 231
232 266 9
137 193 180
231 242 165
31 267 30
238 281 163
47 174 46
189 191 136
201 218 149
62 64 61
133 247 195
88 94 86
132 235 191
66 205 37
41 261 245
97 105 90
16 257 15
141 229 223
238 249 135
85 86 84
71 143 70
74 196 124
44 103 43
127 189 136
52 240 51
79 200 93
112 118 113
72 196 74
63 209 62
18 104 17
41 245 40
84 183 108
88 182 94
108 206 82
112 113 67
90 182 88
60 192 59
72 73 71
42 210 41
110 156 106
46 65 45
223 224 141
24 258 68
113 181 67
185 206 108
190 207 189
97 106 105
83 84 82
150 201 149
129 189 127
224 243 141
221 233 143
118 119 113
33 67 32
125 127 126
125 129 127
72 74 73
106 204 105
83 85 84
107 112 67
129 190 189
145 167 146
84 108 82
13 195 72
119 160 113
4 121 3
274 289 157
160 181 113
195 257 133
200 241 93
87 88 86
177 280 178
125 126 91
195 196 72
124 125 91
143 145 144
196 197 124
127 136 128
11 232 10
145 168 167
174 276 65
178 280 260
149 172 66
104 264 197
94 254 188
27 235 26
74 91 75
136 193 137
173 288 205
30 278 29
205 288 35
199 200 77
191 193 136
139 203 118
38 66 37
197 212 124
148 217 208
78 202 102
33 173 107
118 203 152
95 97 90
112 139 118
195 247 196
89 90 88
156 204 106
85 87 86
137 180 147
118 152 119
92 209 63
33 107 67
189 207 191
82 206 80
65 171 151
77 200 79
93 198 81
143 144 70
81 82 80
145 146 144
184 187 186
127 128 126
74 124 91
78 102 76
81 83 82
183 184 108
79 93 81
81 198 83
168 169 167
208 217 98
165 253 123
102 233 221
80 202 78
20 227 177
75 199 77
157 289 92
2 262 1
39 245 38
123 208 100
19 284 18
136 137 128
53 240 52
270 277 114
109 110 106
74 75 73
210 231 150
143 233 145
168 170 169
117 123 100
209 289 169
65 151 45
92 289 209
194 215 180
79 81 80
124 212 125
198 219 83
21 227 20
73 221 71
206 251 202
79 80 78
77 78 76
75 77 76
71 221 143
120 225 50
80 206 202
22 227 21
274 275 164
142 150 149
77 79 78
87 89 88
208 268 148
91 199 75
184 186 185
141 243 140
227 228 177
97 217 109
97 109 106
99 100 98
59 270 58
62 209 64
199 222 200
146 164 163
70 220 12
89 95 90
96 98 95
75 76 73
100 208 98
76 221 73
99 130 111
17 133 16
159 226 216
96 211 99
99 111 100
142 149 66
109 134 110
96 99 98
160 250 215
126 199 91
242 253 165
184 185 108
109 217 148
117 165 123
50 256 49
137 147 138
130 131 111
134 153 110
111 117 100
102 221 76
159 254 158
186 214 185
153 224 223
146 163 144
99 211 130
130 179 131
109 148 134
247 285 104
89 96 95
137 138 128
125 212 129
95 217 97
254 287 158
38 142 66
134 162 153
85 101 87
230 237 211
147 161 138
117 201 165
239 266 6
98 217 95
164 238 163
110 223 156
179 213 131
224 225 120
49 256 48
83 219 85
38 245 142
85 219 101
107 263 112
131 218 111
96 230 211
157 275 274
1 262 249
40 245 39
0 92 63
25 132 24
153 223 110
55 69 54
111 218 117
194 278 30
162 225 153
161 273 252
101 237 230
150 231 201
146 274 164
117 218 201
193 235 27
0 157 92
11 281 232
191 235 193
128 222 126
155 159 158
144 220 70
116 155 154
170 255 169
126 222 199
271 272 68
122 175 115
138 222 128
89 230 96
168 244 170
101 230 87
130 236 179
10 232 9
57 116 115
12 220 11
87 230 89
201 231 165
155 226 159
114 277 226
145 233 168
116 154 122
214 255 170
163 220 144
147 250 161
69 141 140
156 259 204
190 271 207
121 166 135
155 234 226
176 284 19
150 261 210
121 266 166
69 140 54
178 264 176
222 241 200
148 248 134
202 244 102
116 122 115
153 225 224
155 158 154
236 237 139
68 272 23
69 229 141
192 277 270
57 234 116
226 234 114
211 236 130
104 285 17
152 283 252
182 254 94
265 277 192
214 251 185
252 283 198
204 269 105
138 241 222
250 273 161
122 259 175
170 251 214
119 250 160
229 259 156
8 239 7
166 238 135
212 260 129
61 246 60
175 259 229
182 287 254
142 261 150
68 258 207
161 241 138
169 255 209
228 272 271
264 284 176
116 234 155
34 288 33
196 247 197
211 237 236
29 278 28
93 252 198
215 267 160
134 248 162
154 269 204
185 251 206
160 267 181
42 279 210
60 265 192
246 265 60
33 288 173
102 244 233
167 289 274
271 280 228
23 272 22
64 246 61
171 253 151
207 271 68
190 280 271
225 286 50
178 260 212
209 255 64
255 282 64
192 270 59
48 256 47
233 244 168
129 260 190
210 261 41
167 274 146
133 257 16
120 243 224
240 243 120
123 268 208
248 276 162
236 263 179
151 253 242
121 135 3
152 273 119
119 273 250
135 262 3
47 286 174
228 280 177
203 283 152
57 115 56
112 263 139
198 283 219
169 289 167
246 282 186
214 282 255
232 281 166
43 279 42
132 258 24
245 261 142
104 284 264
219 283 203
35 288 34
103 279 43
139 263 236
226 277 216
166 266 232
58 270 114
186 282 214
158 269 154
249 262 135
17 285 133
18 284 104
249 275 1
171 268 253
133 285 247
164 275 249
256 286 47
252 273 152
253 268 123
166 281 238
64 282 246
269 287 105
260 280 190
158 287 269
50 286 256
3 262 2
1 157 0
6 4 5
6 121 4
24 68 23
26 132 25
28 194 27
54 140 53
56 115 55
115 175 55
58 114 57
114 234 57
