4.216701457620844594e+05 9.201109654888205114e+04
4.052284745769049041e+05 8.614231144688109634e+04
3.979867445021169842e+05 7.489182903038591030e+04
3.806700874294693349e+05 7.919036386625852901e+04
3.685840191818999592e+05 7.577427391019718198e+04
3.667411570368449320e+05 7.374236149682033283e+04
3.512752620604502736e+05 8.631479494230305136e+04
3.334879130047332728e+05 9.042953587726017577e+04
3.313575518061274779e+05 1.022141298675929138e+05
3.474702873149806401e+05 1.086098864402483887e+05
3.568633169328855583e+05 1.203204816337066732e+05
3.715974795832362142e+05 1.196359569116123457e+05
3.735074337333464646e+05 1.351707813006154902e+05
3.820146018981384113e+05 1.522050770462366345e+05
3.680839068266225513e+05 1.518504382142898103e+05
3.521357547872043797e+05 1.565127444051698549e+05
3.569165364896818646e+05 1.669083297339372220e+05
3.584682240956720198e+05 1.776024716254435189e+05
3.534798333833561046e+05 1.907757600283263891e+05
3.521935320369682740e+05 2.077105844549759058e+05
3.633938279440947808e+05 2.195937034812652564e+05
3.658867396782379365e+05 2.331810108737297123e+05
3.774144447325579822e+05 2.353826863399484428e+05
3.871193799797553802e+05 2.391213398829210782e+05
4.012995793883652659e+05 2.384986803178235714e+05
4.089434537753643235e+05 2.427187783044603129e+05
4.213973762539171730e+05 2.406640493309792073e+05
4.266335660283529432e+05 2.314125756068301853e+05
4.353803934392828960e+05 2.457601263831940305e+05
4.485058462255842751e+05 2.502316130139613815e+05
4.506039053843099973e+05 2.355832302833276335e+05
4.612661561508218292e+05 2.403333433447844582e+05
4.751147398011680343e+05 2.382663016396982712e+05
4.895704100973923341e+05 2.338520876060026349e+05
4.958815646694726311e+05 2.475613121950743662e+05
5.100233640651360620e+05 2.453805600925015169e+05
5.206567256950784358e+05 2.558830181120037450e+05
5.279826537037728122e+05 2.422953305321729567e+05
5.416890397913667839e+05 2.393715425609481463e+05
5.527716941421431256e+05 2.468360026229023351e+05
5.679718489487979095e+05 2.398742964967109438e+05
5.716450889923413051e+05 2.230285560405524448e+05
5.800344706918430747e+05 2.083883431392929633e+05
5.796678517803685972e+05 1.939797677915697277e+05
5.733700412908513099e+05 1.802372870287558471e+05
5.706964612827207893e+05 1.674450739085560781e+05
5.722078029037404340e+05 1.543551820480101742e+05
5.747158739117578370e+05 1.423532766017500253e+05
5.833810939498714870e+05 1.379072992168444034e+05
5.806146413598174695e+05 1.248253064205641858e+05
5.663764374793532770e+05 1.297550022104371164e+05
5.685914361443556845e+05 1.141000472689905146e+05
5.658130579354767688e+05 1.020633051212128921e+05
5.505220955137403216e+05 9.636509850501867186e+04
5.325371403120028554e+05 1.023433822960674443e+05
5.241697951705305022e+05 1.036704184689375688e+05
5.085077789860818884e+05 1.054523127637983707e+05
5.045631134158114437e+05 1.095941557250535407e+05
4.955203399245335022e+05 9.843753928556670144e+04
4.803796695456653251e+05 9.516574379165263963e+04
4.686227791826527100e+05 1.031956323907516635e+05
4.564607596095263725e+05 9.854388624992946279e+04
4.428152162282692152e+05 9.628766145119800058e+04
4.322426809951899922e+05 9.414937900004268158e+04
4.477005946051556384e+05 1.071058098236918449e+05
5.619326814816701226e+05 1.594124948612382868e+05
5.323627388182672439e+05 2.292397873322795785e+05
4.786632958996618981e+05 2.240102897752163699e+05
3.942666165038422914e+05 2.306956751072746702e+05
5.294176506189382635e+05 1.111243922614356998e+05
3.891628284590266412e+05 1.380596002423295868e+05
3.962094478363131639e+05 1.504448805821422138e+05
3.905397652208512300e+05 1.626496798516170529e+05
4.034878852389376843e+05 1.611134588983835129e+05
3.983566820293253986e+05 1.727428403952920053e+05
4.109385666043314268e+05 1.713502198800626502e+05
4.162369072632127209e+05 1.596310470924079418e+05
4.236721804278280470e+05 1.700358886332810798e+05
4.290144798960688058e+05 1.581793153243883280e+05
4.366405280335799325e+05 1.687737125840148365e+05
4.420242995193725219e+05 1.568010480592356471e+05
4.498520657379553886e+05 1.674163891542739875e+05
4.551439510263293050e+05 1.555042662913421809e+05
4.628262245038154069e+05 1.658831129269942467e+05
4.680691213782166014e+05 1.541864085656028183e+05
4.754510488190335454e+05 1.643964860558582295e+05
4.803652257550202776e+05 1.531977468528862228e+05
4.874699111379379174e+05 1.630729335442474112e+05
4.922897658560674754e+05 1.523384123484434385e+05
4.992759540495892288e+05 1.618832822715625807e+05
5.040860701275484753e+05 1.512433155071607616e+05
4.058698657499510446e+05 1.828140036337799393e+05
4.254778339455135283e+05 1.006275656910008402e+05
4.437838064764463925e+05 1.788437191354260431e+05
4.854499981485351454e+05 1.432136407330491638e+05
5.110833287210374256e+05 1.608278465699789522e+05
5.062200913727132720e+05 1.718321651403703145e+05
5.157118234376673354e+05 1.500322271311006916e+05
5.182975753584987251e+05 1.706857519062639913e+05
5.133100435553962598e+05 1.819632834210811998e+05
5.258077737968240399e+05 1.807816920021313126e+05
4.818720842246011016e+05 1.747246232178813370e+05
4.219319709575940506e+05 1.480613002842643473e+05
5.657008354641585611e+05 1.920661776742181100e+05
3.660541834351316793e+05 1.880062151360689313e+05
5.086452078834134154e+05 1.404819593737017130e+05
5.203354126563679893e+05 1.396138886719325383e+05
4.938940469522122876e+05 2.176776639672876336e+05
4.604292630293923430e+05 1.439954751714389131e+05
5.270897690775893861e+05 1.485924986948493752e+05
5.312651343959002988e+05 1.382243503417641332e+05
5.206341307389274007e+05 1.923565574332030083e+05
4.813597713658699067e+05 2.097684037708561809e+05
4.685375111512500443e+05 2.140446417359483021e+05
4.927952917275163345e+05 1.098893011783963302e+05
5.125118353271757951e+05 1.115816540078120306e+05
5.058060093277162523e+05 1.170227177329016704e+05
5.333687771762412740e+05 1.910572723167318327e+05
4.715194947215327993e+05 2.010232673056801432e+05
4.594594670268624905e+05 2.051820363392099389e+05
5.560615853328655940e+05 1.210254247245220613e+05
3.693544705603960901e+05 8.781283756882067246e+04
5.130155009193661390e+05 1.196251620539540163e+05
5.375283498873094795e+05 1.793103401685729914e+05
3.936675189152878011e+05 1.843558297708025493e+05
4.013313184012956917e+05 1.940257534056082659e+05
4.129602893087274861e+05 1.925370289753538091e+05
4.084508785560369724e+05 2.033043524670054030e+05
4.198916967193922028e+05 2.018496282796072483e+05
3.974933415348651470e+05 2.049288957566060417e+05
5.080585758758509182e+05 1.935247002320321917e+05
5.153149621766021592e+05 2.048978436751244881e+05
4.102500202808945905e+05 2.341742780854471785e+05
3.666143588988861302e+05 1.711571275026405056e+05
5.383750638483134098e+05 1.468677351438104524e+05
3.823467098507703631e+05 9.108080091366871784e+04
4.152328588962294743e+05 2.122783890347085835e+05
4.266841160725114169e+05 2.109931952601870871e+05
4.314132913473998778e+05 2.004994688458651071e+05
4.839296086836832692e+05 1.970593083259401901e+05
5.416095727518789936e+05 1.085524570840756205e+05
5.368780720297950320e+05 1.180613760595485073e+05
5.457568060596643481e+05 2.261465019201365358e+05
4.027608572714364855e+05 1.382210638711244392e+05
3.965165283166213776e+05 1.267702807153736503e+05
4.096349017292569624e+05 1.269774658617288951e+05
4.035316185471595381e+05 1.163183719651303400e+05
4.381800956432856619e+05 2.103234675430001225e+05
5.340605240878493059e+05 1.581185814428235462e+05
5.367502222204614663e+05 2.153341561609280470e+05
5.503330646769579034e+05 2.127618416045902995e+05
5.600657425663187169e+05 1.718248547821407847e+05
4.625561222245714162e+05 1.938071262092802208e+05
5.423171710600091610e+05 1.363479893509725807e+05
5.067419666710823658e+05 1.253989967740980792e+05
4.989875543725230382e+05 1.222465843681858241e+05
5.245093734574008267e+05 1.294747038066876994e+05
4.144699654488373781e+05 9.983549578126026609e+04
4.995010723047773354e+05 1.300370444892124069e+05
4.902589488972557010e+05 1.271379147239581071e+05
4.561047883185353130e+05 2.176448108970952162e+05
4.432312725758902379e+05 1.990900361234876618e+05
5.501371126993019134e+05 1.449226720558903180e+05
3.872163303795641405e+05 1.151981199379190075e+05
3.974250049188623670e+05 1.055795987638915685e+05
5.452268012400590815e+05 1.886553739103491243e+05
3.718030407682296354e+05 9.914801172265330388e+04
4.165119931868939893e+05 1.167193237078925886e+05
4.222002090472385753e+05 1.272600281946360919e+05
4.287356718570408411e+05 1.174576376715337392e+05
4.344786220577606000e+05 1.261858256630693213e+05
5.521705840117854532e+05 1.637302859700074478e+05
5.229187882992924424e+05 2.190638891119500040e+05
5.024820928204408265e+05 2.280690937283383100e+05
5.624066545826046495e+05 1.463541002560072811e+05
5.209419564912638743e+05 1.146863182247360091e+05
3.680807401234438876e+05 2.059298244639946788e+05
3.757826857296901871e+05 2.153720735714620969e+05
3.802162066536220955e+05 2.036455673890417675e+05
5.024281540901082335e+05 2.052263742279178114e+05
4.326929373616589583e+05 2.211999772165619361e+05
4.658484488012075890e+05 2.269325212505432719e+05
4.971428478740884457e+05 1.433323703218017181e+05
4.732807396521040937e+05 1.434531331246333139e+05
4.661417020670133643e+05 1.331359794137425779e+05
4.536322423801292316e+05 1.339057340971410449e+05
4.601023180515540298e+05 1.214549799441354699e+05
4.738891772646554746e+05 1.229656655730589409e+05
4.802318599047043244e+05 1.326651492371878121e+05
4.043044467886882485e+05 2.135565568920056976e+05
3.947812240204797708e+05 2.145403079991392151e+05
4.101617583754608640e+05 2.236246340845735685e+05
4.790889071214997675e+05 1.063812528102861834e+05
4.215014918575095944e+05 2.213968276083877136e+05
4.381841146197870839e+05 2.310938429191285686e+05
3.761199192731029470e+05 1.643906440568455728e+05
3.858821962662627338e+05 1.746310598602819955e+05
3.813445492182474700e+05 1.861628039995142608e+05
4.574197359376485692e+05 1.769732357422183850e+05
4.180792027120428975e+05 1.814816292105459434e+05
4.304152395719244378e+05 1.801516342563810758e+05
5.412913068188477773e+05 2.018123790265481221e+05
4.350041635371147422e+05 1.467793776540244871e+05
4.747667135238079936e+05 1.874715486723027425e+05
5.146008291000829777e+05 1.309637823087869911e+05
5.153632932226874400e+05 2.313830554227774264e+05
4.481872743325525662e+05 1.453461688952881668e+05
4.002341780032628449e+05 2.229607050417133432e+05
5.297911118321247632e+05 1.696504853345043084e+05
4.342139681199577171e+05 1.060414858083357540e+05
5.644482667726131622e+05 2.112475399375672860e+05
5.011701860856331186e+05 1.830621200873555208e+05
3.880997404344954411e+05 1.963326557415905409e+05
5.093146553590790136e+05 2.170187890730506333e+05
4.470976614924902678e+05 1.247862021303535585e+05
4.457568260160675854e+05 2.217793867529812269e+05
4.838030633863299154e+05 1.232738765354378702e+05
5.226723554191277944e+05 1.596512318465868011e+05
5.283796979050619993e+05 2.040870162874142407e+05
4.700648498382028192e+05 1.756297721499482577e+05
3.836001200943589211e+05 1.269669478215699928e+05
4.094300909254215658e+05 1.491268058594276372e+05
4.246556162629984319e+05 1.912173353530667664e+05
5.345647296318353619e+05 1.279566568540063599e+05
5.453609692812273279e+05 1.254161910413634905e+05
5.556812634672621498e+05 1.345929719525675173e+05
4.913948772688180325e+05 1.186354309415151511e+05
3.755295389348350582e+05 2.263877825712313934e+05
3.838722972092689015e+05 2.228611807500400755e+05
5.277105122647063108e+05 1.207246515374034207e+05
4.941739120857641101e+05 1.731696406894122192e+05
5.564883175552200992e+05 1.987986044439159450e+05
3.637063757926123217e+05 1.086767228077754116e+05
4.155155692303022952e+05 1.378795791529231064e+05
4.987093692224770202e+05 1.154776379892104887e+05
4.179888425592270214e+05 2.302544729432435415e+05
4.960085403100646799e+05 1.946996419558714551e+05
4.886535074855923303e+05 1.850311471581271908e+05
3.839790027488755295e+05 1.035111848916323943e+05
3.447615729257316561e+05 9.650181418976608256e+04
5.549112639292257372e+05 1.087635112204770849e+05
4.375705080128745176e+05 1.895617169132349372e+05
5.568305371492655249e+05 1.840175926237336244e+05
5.469642926649985602e+05 1.163637920259973471e+05
4.286700435554978903e+05 1.368762038412439870e+05
5.561707159103454323e+05 2.341825854142121389e+05
4.594755961643190822e+05 1.097507661672958202e+05
3.744661598665172933e+05 1.773895307181385288e+05
5.452494249656468164e+05 1.548091011143947253e+05
3.943850730501600774e+05 9.366226918094656139e+04
4.492004588167002657e+05 2.089295422900360136e+05
4.411783345592576079e+05 1.356465853801867343e+05
4.519238218425877858e+05 1.875681077651831147e+05
5.487106446764871944e+05 1.761817770585236431e+05
4.918999419294090476e+05 1.356445568444798992e+05
4.407151711550713517e+05 1.162735542135463184e+05
5.744393921072548255e+05 1.346340616956750746e+05
3.642665349047976779e+05 1.618974798818732961e+05
4.032424305103651714e+05 2.299907945273664664e+05
5.201556344465639559e+05 1.230949235863136273e+05
3.884829158615362248e+05 2.071856259187411051e+05
5.576707884823844070e+05 2.214734049834117177e+05
3.921234178818843793e+05 8.499351488762814552e+04
4.914294714810029836e+05 2.048826289869268658e+05
3.742893616732185474e+05 1.954958591543780349e+05
4.719026167390030460e+05 1.121399244109728897e+05
3.580618349037333974e+05 9.784401127859448025e+04
4.554042014858086477e+05 2.272957401105171593e+05
5.412517732435337966e+05 1.669667618481377722e+05
5.065618313761156751e+05 1.326434845003314258e+05
4.868587868867814541e+05 1.045849299141564552e+05
3.918433979365334380e+05 2.229034550965904200e+05
3.857264372569759144e+05 2.308467817124712747e+05
4.532742284973224159e+05 1.989153697454393550e+05
4.103780428358059144e+05 1.090294097137532663e+05
4.043773121661141049e+05 9.884981697734653426e+04
5.555111592662483454e+05 1.526937677380452224e+05
4.828189600563720451e+05 1.139814830519748211e+05
4.428865705109207192e+05 2.403220487616957689e+05
5.707421256655872567e+05 2.009807695763628872e+05
3.851750953874366824e+05 2.150982456417414651e+05
3.756604458545036032e+05 1.092339992543185072e+05
4.517921638104385929e+05 1.160148791445996321e+05
4.645644845275450498e+05 1.838373577286343789e+05
3.624101588018325856e+05 1.973440022291782952e+05
3.662388737138991710e+05 1.792068686077266757e+05
5.670086979030952789e+05 1.381233792855758802e+05
5.014378141921104398e+05 1.366885458384523517e+05
5.022670688720825128e+05 2.382752380903252342e+05
4.225693336763159605e+05 1.097863640875910642e+05
