4.216701457620844594e+05 9.201109654888205114e+04
4.133306928647136665e+05 9.021286831847012218e+04
4.052284745769049041e+05 8.614231144688109634e+04
4.048243005274974275e+05 7.929443264564117999e+04
3.979867445021169842e+05 7.489182903038591030e+04
3.897738703243323835e+05 7.776591763836203609e+04
3.806700874294693349e+05 7.919036386625852901e+04
3.712938471971545368e+05 8.056208541820530081e+04
3.685840191818999592e+05 7.577427391019718198e+04
3.696203208933806163e+05 6.864381034978911339e+04
3.667411570368449320e+05 7.374236149682033283e+04
3.594403049207590520e+05 8.055994427361397538e+04
3.512752620604502736e+05 8.631479494230305136e+04
3.423448881412952906e+05 9.033266879085193796e+04
3.334879130047332728e+05 9.042953587726017577e+04
3.327133244119040901e+05 9.832250325890896784e+04
3.313575518061274779e+05 1.022141298675929138e+05
3.389575556940120878e+05 1.068806937172622420e+05
3.474702873149806401e+05 1.086098864402483887e+05
3.554600629081490915e+05 1.115215241991300718e+05
3.568633169328855583e+05 1.203204816337066732e+05
3.648470117796677514e+05 1.227458232617400354e+05
3.715974795832362142e+05 1.196359569116123457e+05
3.751738394149144297e+05 1.267187368512580724e+05
3.735074337333464646e+05 1.351707813006154902e+05
3.786429253628478618e+05 1.431637330738349119e+05
3.820146018981384113e+05 1.522050770462366345e+05
3.762026575405033655e+05 1.556378623284062487e+05
3.680839068266225513e+05 1.518504382142898103e+05
3.600112391351089464e+05 1.540613839560734632e+05
3.521357547872043797e+05 1.565127444051698549e+05
3.507051415763696423e+05 1.643960976274821151e+05
3.569165364896818646e+05 1.669083297339372220e+05
3.617376412334819324e+05 1.725138087078706303e+05
3.584682240956720198e+05 1.776024716254435189e+05
3.523819108158356976e+05 1.829062391937493812e+05
3.534798333833561046e+05 1.907757600283263891e+05
3.527665257524303743e+05 1.993594379753583344e+05
3.521935320369682740e+05 2.077105844549759058e+05
3.552193067095411825e+05 2.162307991873904248e+05
3.633938279440947808e+05 2.195937034812652564e+05
3.670865967328475672e+05 2.253351616146635206e+05
3.658867396782379365e+05 2.331810108737297123e+05
3.712854212426666636e+05 2.352458866401589767e+05
3.774144447325579822e+05 2.353826863399484428e+05
3.832821675972898956e+05 2.326502671843172575e+05
3.871193799797553802e+05 2.391213398829210782e+05
3.929025827234553290e+05 2.361146226531807333e+05
4.012995793883652659e+05 2.384986803178235714e+05
4.096115188973498298e+05 2.367588508540500188e+05
4.089434537753643235e+05 2.427187783044603129e+05
4.167157121666693129e+05 2.467590392208748672e+05
4.213973762539171730e+05 2.406640493309792073e+05
4.269633409415420028e+05 2.360643232456379919e+05
4.266335660283529432e+05 2.314125756068301853e+05
4.327193369322963990e+05 2.367393172456229222e+05
4.353803934392828960e+05 2.457601263831940305e+05
4.426740262105471920e+05 2.494974040290424018e+05
4.485058462255842751e+05 2.502316130139613815e+05
4.505213239996267366e+05 2.435055570528357930e+05
4.506039053843099973e+05 2.355832302833276335e+05
4.566429025121033192e+05 2.336067468818377529e+05
4.612661561508218292e+05 2.403333433447844582e+05
4.696283935825672233e+05 2.428984417351439188e+05
4.751147398011680343e+05 2.382663016396982712e+05
4.824861849364140653e+05 2.353490566920126148e+05
4.895704100973923341e+05 2.338520876060026349e+05
4.903751845551503939e+05 2.396886952161312802e+05
4.958815646694726311e+05 2.475613121950743662e+05
5.030372638410751242e+05 2.445271482297777839e+05
5.100233640651360620e+05 2.453805600925015169e+05
5.132347436983640073e+05 2.531111331769239914e+05
5.206567256950784358e+05 2.558830181120037450e+05
5.274122436337433755e+05 2.517435415845795360e+05
5.279826537037728122e+05 2.422953305321729567e+05
5.345108018988893600e+05 2.430042653926440980e+05
5.416890397913667839e+05 2.393715425609481463e+05
5.464150723309315508e+05 2.426687889356782835e+05
5.527716941421431256e+05 2.468360026229023351e+05
5.606525438767776359e+05 2.439032150699452613e+05
5.679718489487979095e+05 2.398742964967109438e+05
5.680606071652451064e+05 2.313671469772907149e+05
5.716450889923413051e+05 2.230285560405524448e+05
5.757871000790771795e+05 2.154201322040455125e+05
5.800344706918430747e+05 2.083883431392929633e+05
5.825092689999458380e+05 1.996914866807194776e+05
5.796678517803685972e+05 1.939797677915697277e+05
5.774341907265644986e+05 1.865035561724734143e+05
5.733700412908513099e+05 1.802372870287558471e+05
5.733797841690742644e+05 1.754475560627639934e+05
5.706964612827207893e+05 1.674450739085560781e+05
5.723654136131608393e+05 1.607530973593669769e+05
5.722078029037404340e+05 1.543551820480101742e+05
5.690362862396854907e+05 1.486269424679122167e+05
5.747158739117578370e+05 1.423532766017500253e+05
5.827116190529891755e+05 1.439268969839553756e+05
5.833810939498714870e+05 1.379072992168444034e+05
5.842833001776603051e+05 1.319759022683550720e+05
5.806146413598174695e+05 1.248253064205641858e+05
5.721493903033082606e+05 1.285234515148097416e+05
5.663764374793532770e+05 1.297550022104371164e+05
5.649618919381266460e+05 1.214246963340586371e+05
5.685914361443556845e+05 1.141000472689905146e+05
5.715192793120143469e+05 1.091648620308327081e+05
5.658130579354767688e+05 1.020633051212128921e+05
5.597924181785362307e+05 9.460902637502635480e+04
5.505220955137403216e+05 9.636509850501867186e+04
5.417174043414051412e+05 9.944940778533574485e+04
5.325371403120028554e+05 1.023433822960674443e+05
5.240772901895268587e+05 1.058809519374523516e+05
5.241697951705305022e+05 1.036704184689375688e+05
5.146518484843285987e+05 1.012301040182688012e+05
5.085077789860818884e+05 1.054523127637983707e+05
5.129292839966657339e+05 1.096670625094533170e+05
5.045631134158114437e+05 1.095941557250535407e+05
5.036440932894500438e+05 1.018650661088228808e+05
4.955203399245335022e+05 9.843753928556670144e+04
4.877853276265981840e+05 9.324523588717407256e+04
4.803796695456653251e+05 9.516574379165263963e+04
4.743287732539791614e+05 1.013276850713111053e+05
4.686227791826527100e+05 1.031956323907516635e+05
4.647726754067096044e+05 9.701885578506387537e+04
4.564607596095263725e+05 9.854388624992946279e+04
4.498598660445091082e+05 1.018964829859107995e+05
4.428152162282692152e+05 9.628766145119800058e+04
4.341396793783921748e+05 9.282329273116437253e+04
4.279049125702271704e+05 9.241719464002248424e+04
4.848312765990612097e+05 2.291229445500442816e+05
5.086937793859718950e+05 1.156458102908496949e+05
3.820863292756922310e+05 1.589419762535345508e+05
3.878828560166966054e+05 1.555220809114984586e+05
3.879706399524631561e+05 1.621963160284065525e+05
3.936409268365893513e+05 1.589100374469537928e+05
4.909766646600943641e+05 2.278102383664593217e+05
4.868723181196385412e+05 2.233931335545754409e+05
4.927228314429202583e+05 2.221283900957652368e+05
4.890440762042829301e+05 2.178215450995111605e+05
4.943205832596585387e+05 2.164130252322197193e+05
4.908938757498537307e+05 2.121585677634460444e+05
4.961498958232321893e+05 2.107302578022392991e+05
4.924543521076224861e+05 2.063778655857633566e+05
4.982808100405599689e+05 2.051123302731602744e+05
4.943974933081287891e+05 2.005910583849896211e+05
4.883659885827735998e+05 2.018908882947114471e+05
4.903022489713017712e+05 1.961004342567894491e+05
4.843229066949638072e+05 1.973962598288409645e+05
4.863854978230916895e+05 1.914700849232281907e+05
4.803145243611902697e+05 1.928930446554980299e+05
4.925975748705437873e+05 1.899935383068555384e+05
4.823593174890124938e+05 1.869584840619663591e+05
4.763322659290603478e+05 1.884273568219025037e+05
4.781226725251586759e+05 1.826331933493579272e+05
4.721375978100449429e+05 1.839574213002683537e+05
4.739936814849962248e+05 1.781559272266836488e+05
3.937832178656694596e+05 1.654242369769475190e+05
4.679968048235632596e+05 1.793111766023910895e+05
4.698873050951818004e+05 1.736322763645772648e+05
4.244358379028000054e+05 9.761361203697588644e+04
4.636471519404775463e+05 1.751267794654476456e+05
4.614308776691950043e+05 1.811699918172134203e+05
4.657843348419458489e+05 1.691096397690589074e+05
4.757474734518143814e+05 1.724593094407080207e+05
4.594531204491327517e+05 1.706705069696519640e+05
4.616658744116618764e+05 1.645601024369894585e+05
4.555194438232153188e+05 1.659053720858994056e+05
4.730173037185951252e+05 1.073805803796232503e+05
5.681259246328410227e+05 2.170890799854780780e+05
4.522082758902811911e+05 2.290819191938703298e+05
4.574932752321696025e+05 1.599059752552413847e+05
4.636803960000345251e+05 1.585867017042414518e+05
4.513533076014516409e+05 1.612308390539019019e+05
4.494343287443288718e+05 1.672239882348258980e+05
4.452125977682719240e+05 1.625746168783133617e+05
4.433516290945879882e+05 1.685823206164209987e+05
4.470933833856380661e+05 1.565279773034239770e+05
5.599285567186821718e+05 1.265371463114681101e+05
5.021265884708389640e+05 2.100004027024354436e+05
5.042263458990927320e+05 2.039326964952554554e+05
5.082257144773470354e+05 2.081616479231433768e+05
5.102653767976076924e+05 2.025851155684093246e+05
5.143356381750954897e+05 2.071196419865227654e+05
5.163105597941103042e+05 2.013635631631456199e+05
5.203381403478377033e+05 2.059104783644113049e+05
5.222130022562943050e+05 2.001517439464692143e+05
5.182648447810586658e+05 1.956343282560773659e+05
5.241414664618099341e+05 1.944116527819331968e+05
5.201916148954526288e+05 1.899045718553857005e+05
5.261511215602384182e+05 1.886931529286637087e+05
5.221334878067215905e+05 1.841212483744487981e+05
3.642924628673382686e+05 1.783082982227619505e+05
4.408780678603415145e+05 1.578713174517902662e+05
4.427768332432459574e+05 1.517300279419206199e+05
5.281480896644273307e+05 1.829414711657114967e+05
5.240926747915822780e+05 1.782709062263749656e+05
5.321347725561822299e+05 1.874135057111283822e+05
4.364403048707927810e+05 1.531089369519844768e+05
4.384039756408881512e+05 1.468349638126126083e+05
4.447254940007630503e+05 1.455836371056416538e+05
5.301769554177281680e+05 1.770749474762151949e+05
5.260878094557872973e+05 1.723427295564847009e+05
5.201033598197617684e+05 1.734486078014994273e+05
5.219448958976012655e+05 1.675930515395308030e+05
5.281236401678279508e+05 1.663656447722125740e+05
5.237734034147878410e+05 1.615344178647123044e+05
5.176297214726022212e+05 1.626005142845849623e+05
4.742645442866736557e+05 1.947142400507399580e+05
4.322116350811508019e+05 1.483544519401477301e+05
4.339756967965938384e+05 1.419315543505992100e+05
4.268510950397619163e+05 1.440774064395263558e+05
5.301385606793111656e+05 1.603353196033588611e+05
5.257650177246569656e+05 1.554818946142662608e+05
3.942416646424134378e+05 1.524764191942862526e+05
5.262882869998926762e+05 2.045323667586118681e+05
5.672401782753318548e+05 1.730551200918207178e+05
5.321609296711566858e+05 1.542987636290584633e+05
3.790006596888323547e+05 1.199942953356249782e+05
5.279607338650563033e+05 1.495025243970701122e+05
4.299922320234724903e+05 1.546225871491316939e+05
5.711505686522779288e+05 1.857810605835206225e+05
5.310177828395665856e+05 1.082906716192821041e+05
4.293062757272311719e+05 1.371084575976197957e+05
4.825686157972893561e+05 2.184699892785515112e+05
5.016104487981238053e+05 1.159599236196109705e+05
5.053348548742507119e+05 1.215218010011439474e+05
4.988225355433112127e+05 1.220999977819580963e+05
5.024719281564379344e+05 1.274259287428593088e+05
4.961774080611324171e+05 1.281761637408216484e+05
4.228445806081692572e+05 1.384599709303436975e+05
4.999606325495083001e+05 1.334547517315897276e+05
4.935479555984417093e+05 1.341365795830951829e+05
3.701756991064593312e+05 2.191656158856064139e+05
4.971500658677993924e+05 1.392970741374400968e+05
5.118017339418007177e+05 1.208688443959955621e+05
5.341836995809689397e+05 1.482718185819053906e+05
5.361971166615380207e+05 1.593182428908030270e+05
4.248192356559492182e+05 1.320459434804025805e+05
4.182712381717771059e+05 1.335151354548938689e+05
4.908744106507507386e+05 1.399952855279801879e+05
4.944445811425178545e+05 1.451469262592447922e+05
4.872842468493470224e+05 1.348460563127696514e+05
5.119328799199983478e+05 2.121209991279046517e+05
4.058421165559872752e+05 9.420028306084244105e+04
4.671912495969319716e+05 1.090915534893805889e+05
4.310936262206712854e+05 1.307584675404841837e+05
3.761841637967627030e+05 1.132039674539566913e+05
5.300347807992112357e+05 1.435240804886594706e+05
3.993593425120551838e+05 1.621910662812989613e+05
3.994600192721009371e+05 1.686192979999147356e+05
3.939318892902155640e+05 1.719008396262534079e+05
3.995851665776407463e+05 1.750186256064368645e+05
3.941082804537062766e+05 1.782766897027895320e+05
3.996544866213380010e+05 1.813441124375268409e+05
3.942349613035761868e+05 1.845553992339763790e+05
3.996772331706732512e+05 1.875580772606559331e+05
4.050250400993964868e+05 1.844282285432576900e+05
4.050460912474530051e+05 1.904998745403427456e+05
4.102132521894042147e+05 1.874520257981515315e+05
4.103102062826050678e+05 1.933590758001096547e+05
4.152098162451899843e+05 1.906256288968454173e+05
4.156051605826574378e+05 1.959163280320775521e+05
4.202681562370448955e+05 1.934955435735798092e+05
4.051111306737830164e+05 1.962659660080476897e+05
4.206757122083369759e+05 1.986611675352699240e+05
4.253852764184051775e+05 1.960556296783346916e+05
4.255214191414887318e+05 2.016713381614195532e+05
4.302822627637123223e+05 1.988245837959689088e+05
4.201309643412353471e+05 2.042212385843143857e+05
4.303836905727129197e+05 2.044238633025056042e+05
4.351215246930431458e+05 2.015563060029366170e+05
4.157185939051429741e+05 1.845696393744266825e+05
4.351439833259105799e+05 1.960806097889625817e+05
4.399743143454797100e+05 1.987364800973125384e+05
4.351993807025385322e+05 2.070759827348597464e+05
4.202583748662623693e+05 1.270498343811925297e+05
4.136446885849768878e+05 1.285513299186022778e+05
5.361844959181371378e+05 1.422743853545415041e+05
5.321209368255967274e+05 1.376452118193664646e+05
4.579395292959649232e+05 2.274010581987769692e+05
5.666082659879964776e+05 1.629619713916946785e+05
3.601889969847070752e+05 1.956067056701081165e+05
3.943422432363750995e+05 1.907774729190767684e+05
5.401697369933670852e+05 1.469538789345059486e+05
4.399930229000721592e+05 1.932014535209554015e+05
4.448793806481040083e+05 1.958903426477495232e+05
4.532387680642065825e+05 2.232058611502582498e+05
4.591498361516439472e+05 2.214143203153826762e+05
4.050446942736735218e+05 1.653278676299321814e+05
5.244056892501811963e+05 2.104739664767375798e+05
5.304436357226649998e+05 2.091417388313841657e+05
4.882273128287749132e+05 1.458509406063281349e+05
4.919407133371483651e+05 1.510506788815834443e+05
4.156908589969589957e+05 1.220744058098239766e+05
4.843789748046228196e+05 1.809793797473371087e+05
4.305305391645358177e+05 2.099575874496365432e+05
3.888476250021740561e+05 1.877774746628720895e+05
3.889911868434075732e+05 1.941135524037238793e+05
5.163440909614387201e+05 1.855108189873697702e+05
5.285310129425143823e+05 2.151235648732565169e+05
5.347196690738729667e+05 2.138665772721192916e+05
5.366498121318165213e+05 2.076952570621125633e+05
4.717858281588780228e+05 1.132896717869551067e+05
4.659066884466637857e+05 1.152209626828100591e+05
4.252042842446393915e+05 1.896684147057561495e+05
4.045533958225693787e+05 2.317190561176217161e+05
5.215219427159657353e+05 1.505715573865975020e+05
4.477535762416615617e+05 2.247285755395031301e+05
4.089952870746066910e+05 1.235475001708233904e+05
4.222558389825061895e+05 1.206012671347406722e+05
4.050955780044839485e+05 1.591249074081700528e+05
5.380520337497011060e+05 1.364803058511737327e+05
5.341464376120014349e+05 1.319562892606715031e+05
5.260835190351085039e+05 1.387137908072150894e+05
5.409614316019336693e+05 2.125209761251623568e+05
5.428799688882752089e+05 2.063550742778726271e+05
4.448830170329976827e+05 2.015639662618088187e+05
4.498577857364590745e+05 1.986991180933009018e+05
3.833562504439492477e+05 1.136145572567034105e+05
5.072693903061154997e+05 2.389037138937187265e+05
4.705322772159224842e+05 1.194380832310342812e+05
4.645856487159196404e+05 1.214209709694085177e+05
4.783680015697259223e+05 1.117268128072407708e+05
3.769043900634107995e+05 8.618133611941522395e+04
5.608724042992081959e+05 1.327655407772865728e+05
4.693288841237287270e+05 1.256760616817128903e+05
4.632786389672914520e+05 1.276595218520346243e+05
4.582918304026173428e+05 1.238619257401330397e+05
4.680409297600801801e+05 1.319303524306667387e+05
3.882405089044944616e+05 1.754075417504668585e+05
4.069193898906509858e+05 1.301418439136914239e+05
5.398706931181849213e+05 1.308448929060616792e+05
4.857352304431052180e+05 1.516127405723085394e+05
4.893553603448405047e+05 1.568437737268366909e+05
5.470193378395730397e+05 2.368597969109544356e+05
4.448142399165692623e+05 1.901680875716773153e+05
4.400462120954667334e+05 1.874561799948181142e+05
4.956526401308673085e+05 1.562402217085582670e+05
4.930339013855634839e+05 1.619978021746508894e+05
4.107370499220693018e+05 2.302988150137112243e+05
4.065009183597470401e+05 2.258815891564010526e+05
4.123231603457800229e+05 2.245915574588249438e+05
4.083517891761607607e+05 2.202915209429328097e+05
4.025353336197613971e+05 2.214062132339003147e+05
5.327244757138147252e+05 2.198182132979818853e+05
5.265619688555921894e+05 2.211036844531286042e+05
3.833825310147984419e+05 1.910617096894196293e+05
3.835473128894269466e+05 1.974442859731503122e+05
3.891769505327767693e+05 2.004858507861184480e+05
4.421270963762007304e+05 1.045936044879766705e+05
3.833682252306315931e+05 1.262278754776466376e+05
5.037702138784726849e+05 1.387538024737807864e+05
4.162494617883957690e+05 1.397859687230744166e+05
5.360274324113471666e+05 1.264195617954100744e+05
5.417085142705243779e+05 1.253864430982911290e+05
5.583033498420007527e+05 1.187238999337274145e+05
4.106882002037907369e+05 1.620375538666102511e+05
4.819391710169434082e+05 1.463559240027001360e+05
4.044784369127731770e+05 2.157937320435840229e+05
3.985571658820823068e+05 2.168946060257299396e+05
5.305810210444459226e+05 1.275028510298151523e+05
4.619575984111634316e+05 1.339213657709318504e+05
4.498621425856134156e+05 2.044683864296260581e+05
4.549070027416744852e+05 2.015700476715264376e+05
4.827435413350614253e+05 2.028850838794756855e+05
4.177457029725690372e+05 1.156591039652864129e+05
5.063509191987734521e+05 1.980213457730887458e+05
3.834050676248940290e+05 2.038483987099568185e+05
4.991793299449427868e+05 2.204694373798059532e+05
4.594506697855136008e+05 1.538849571258772048e+05
4.666272623768975609e+05 1.378944076858983899e+05
4.352891451395010808e+05 2.125752781262983044e+05
4.307165809102878557e+05 2.153708840777752048e+05
3.677931302842395380e+05 1.726256118054377730e+05
5.472175139815654838e+05 2.110876860501943738e+05
5.490647017017392209e+05 2.049815535936745000e+05
5.448296487416569144e+05 2.004250169252257328e+05
5.508445739204767160e+05 1.990645137226371153e+05
5.467449471703614108e+05 1.946185155197207641e+05
5.525920336205204949e+05 1.933035007130317972e+05
5.485641576499390649e+05 1.889472104140806478e+05
5.571994512676954037e+05 1.980836381256462773e+05
5.543175783735802397e+05 1.876494681112756371e+05
5.503296237456013914e+05 1.833342091299718886e+05
5.453286633242187090e+05 2.173333045041230798e+05
5.438408707745694555e+05 1.351755879065530899e+05
4.240603172122339020e+05 1.141562699909722432e+05
4.993075962893192191e+05 1.614000189138011192e+05
4.967002647968064994e+05 1.671146763119635871e+05
5.017845061887396150e+05 1.562127903879544465e+05
4.922523162555854069e+05 1.229192140811878198e+05
4.472355888096212875e+05 1.733983416669247672e+05
4.140588414611085318e+05 2.191607077278721263e+05
4.638168528762911446e+05 2.254632409327153582e+05
4.648344712790462654e+05 2.195131700704667601e+05
3.801669140625462751e+05 1.070978954103463329e+05
3.880139124128739932e+05 1.079423413264004193e+05
5.356460199154524598e+05 2.359857620373109239e+05
4.830507058909827028e+05 1.570368483885725145e+05
4.548748846257454716e+05 1.957313215890564607e+05
3.777008564043539809e+05 2.006484032653815811e+05
3.666217375078143086e+05 2.134771799229329336e+05
4.021502318986451719e+05 1.250438509195366933e+05
4.000606639620190253e+05 1.317818945491036866e+05
4.043071806949650054e+05 1.184200920664337027e+05
3.707427267780426191e+05 1.784010041383719072e+05
3.726818626643044990e+05 1.066416189289194153e+05
4.005938570617606165e+05 2.114366249414439371e+05
3.992482667889907607e+05 9.084891375430423068e+04
4.750496414050881285e+05 1.239380451626921567e+05
4.064568635667255148e+05 2.101746069547799998e+05
4.106750825722269947e+05 1.684842664606534236e+05
4.161618512849335093e+05 1.652494047543861670e+05
5.029476926985702012e+05 1.665230749290503736e+05
5.003514913744165096e+05 1.722118051016455865e+05
4.351836389878095360e+05 2.179445386572524731e+05
4.403313685471990611e+05 2.159530647072288557e+05
5.379057781067751348e+05 1.210460725142320152e+05
4.656014757605383638e+05 1.526219313420419348e+05
4.599862400342583423e+05 1.986203776193383965e+05
4.600137431339510949e+05 2.045289730642483628e+05
4.481848882542790961e+05 1.091869792195550399e+05
4.411556932638318976e+05 1.119951058989699231e+05
4.907244959753142903e+05 1.675164048125643167e+05
4.162654905152228894e+05 1.588237661782866053e+05
5.439247298663940746e+05 1.198570312018822297e+05
5.560267201400718186e+05 1.820349793941064563e+05
5.520361826246392448e+05 1.776830820688207459e+05
5.462630660300727468e+05 1.790200247810999281e+05
5.479808466268342454e+05 1.732645937886602187e+05
5.538761975386159029e+05 1.719474623979759053e+05
5.497762770968572004e+05 1.674382954397012363e+05
4.696185705544428201e+05 2.233614138599853322e+05
3.699372158052120358e+05 8.691358912749774754e+04
3.742239760061652050e+05 1.730443870608388970e+05
3.965640487737810472e+05 2.226173339513389219e+05
3.925791683174712816e+05 2.180619636790986406e+05
4.703760227171112783e+05 2.172926345549301768e+05
4.178488252806692035e+05 2.233118233356947312e+05
4.413139347200175980e+05 1.745201645662529045e+05
4.372606570427552797e+05 1.699678982618119335e+05
4.354137282383326092e+05 1.758891643477007165e+05
4.312583191322620260e+05 1.713912423504336039e+05
4.294444228106179507e+05 1.772808457737627905e+05
5.516710855289498577e+05 2.158272120285970741e+05
5.496762430584185058e+05 2.217561592162439192e+05
4.605675043212397723e+05 1.400074076931604941e+05
4.558310144012847450e+05 1.358664415847060445e+05
4.309520251614121371e+05 2.204846441634672810e+05
4.355224152949311538e+05 2.233544567905208096e+05
4.727957697018223116e+05 1.361491561121248233e+05
4.543781662790448172e+05 2.177883502350458002e+05
5.398442260924880393e+05 1.154688466557124193e+05
5.464269071693234146e+05 1.134851075927814527e+05
3.846596843141031568e+05 1.003880947537524626e+05
4.952290573936709552e+05 2.319426797629837820e+05
4.260869442955984268e+05 2.126558621330729220e+05
4.159292417844265001e+05 1.715790154082378722e+05
5.140841471619271324e+05 2.395626159921021026e+05
5.114781540027979063e+05 2.334669160903696320e+05
5.178324467053358094e+05 2.342783455495132366e+05
5.153107508404133841e+05 2.282125200925792160e+05
5.063238495728183188e+05 1.715587812454838422e+05
5.039448297422021278e+05 1.772780102430733677e+05
4.977853749998429557e+05 1.778787880008521606e+05
5.013979934635108802e+05 1.829213833549127448e+05
4.467251287845683401e+05 1.165697421978838247e+05
5.432721313806294929e+05 2.229801350049709727e+05
4.283980575546918553e+05 1.185892304782988795e+05
3.731111346060507931e+05 2.132990309141318139e+05
3.761799366033389815e+05 2.186470632674214430e+05
4.651559855208698427e+05 2.015680689848171605e+05
4.698785762027445016e+05 1.573112373309804825e+05
5.758690233609254938e+05 2.003519258114475815e+05
5.439051563092798460e+05 1.688402995825550461e+05
5.477913876241205726e+05 1.245094869142423995e+05
4.599419259033133858e+05 1.927094110893023317e+05
4.548147541126722936e+05 1.898832981219328940e+05
4.197469565175890457e+05 1.093435015375220100e+05
3.673106397159042535e+05 1.844595590442551184e+05
3.768976784837645246e+05 1.784508190402264299e+05
4.048646349270538194e+05 1.368679967123291572e+05
3.979901813715678290e+05 1.385484284782056056e+05
4.028536706251507276e+05 1.436166195137469622e+05
5.406126750891760457e+05 1.958911979307627771e+05
4.131935086127387476e+05 1.106897960161169758e+05
3.972295965226835688e+05 1.198370161122249556e+05
5.598492993164067157e+05 1.864393588984848175e+05
4.708312353926030919e+05 1.417792242698523332e+05
3.991451799204576528e+05 1.132753850619960140e+05
4.607889065764310071e+05 1.109969734651121835e+05
4.345428126278282143e+05 1.079365281649556418e+05
3.537727708046970074e+05 1.036572316869732458e+05
3.699481525090215728e+05 1.601558876801396254e+05
5.553792428963717539e+05 1.306567345188680920e+05
5.562603547828216106e+05 1.365662036078847887e+05
5.616041351552668493e+05 1.387483288337223348e+05
5.572407271933126030e+05 1.433680193626615219e+05
4.449346019605228212e+05 1.839104931045903359e+05
5.681430679688615492e+05 1.816330277575841756e+05
5.561772308189715259e+05 2.206584998290086514e+05
5.536346469537748490e+05 2.274533873141019430e+05
5.089938170482255518e+05 2.272851108022935223e+05
4.400649866743244929e+05 1.194323308967206685e+05
4.455602339475571644e+05 1.238003615592722344e+05
4.651675790772172622e+05 2.075155257432605140e+05
4.708377014044273528e+05 2.042953612249947910e+05
5.309676904648540076e+05 2.256711747477730969e+05
3.902424586314696935e+05 2.073975619040506717e+05
4.152734036472442094e+05 1.042805684379020386e+05
4.218192072816715809e+05 1.626579708662453340e+05
3.695607331331837922e+05 2.077647158783443738e+05
4.083880323244697647e+05 1.056726833412965498e+05
5.456463516622263705e+05 1.629310208417887916e+05
5.516594866582041141e+05 1.615216109405458556e+05
5.476425708197522908e+05 1.568041307141544530e+05
5.535544238152601756e+05 1.555078573545590043e+05
4.105729395676535205e+05 1.749073779175181407e+05
3.905182241982741398e+05 2.238923820172270644e+05
4.813881185574216070e+05 1.020414985938324971e+05
5.094391034019477665e+05 1.761964181054844812e+05
3.955841231899462873e+05 2.030444374878716771e+05
4.329967073234499549e+05 1.654209136647407431e+05
5.494141626030630432e+05 1.508833331726050237e+05
3.834660480548358755e+05 2.104341227602958679e+05
4.784137762509642635e+05 2.311515972735073010e+05
4.972731355604429846e+05 1.104550836708206916e+05
3.994743366078950930e+05 9.827564695331963594e+04
3.821846697408971959e+05 1.656401597745704930e+05
4.684393057585664210e+05 2.293340725079013791e+05
5.514293213151190430e+05 1.408967971350516309e+05
4.545095257193164434e+05 1.422062379759000614e+05
4.503012021023075795e+05 1.381607627525493735e+05
3.776051930940612219e+05 2.290742208714363514e+05
3.931966612464998616e+05 1.334241586937683169e+05
4.452935512558335904e+05 2.396487152668928320e+05
4.448838424812402809e+05 2.072315154151431925e+05
5.342637999007637845e+05 1.169905058004907478e+05
3.734871734788490576e+05 9.335580279575093300e+04
3.661718531839310890e+05 9.280876178277787403e+04
5.725032207291218219e+05 2.067667751595926238e+05
5.688834036229116609e+05 1.998716246859418170e+05
5.651905603471526410e+05 2.056978552817755262e+05
5.211362824505199678e+05 2.480574009439706861e+05
3.909892764628515579e+05 1.405347935563442006e+05
4.198969311313185608e+05 2.185552975631967420e+05
4.166896543085966259e+05 2.134706077399551868e+05
4.231677547991586616e+05 2.222945448796324490e+05
4.724472203812864609e+05 1.518937427182949614e+05
5.790359405315928161e+05 1.344956311436771357e+05
4.020451676301145926e+05 2.054643276261886931e+05
4.083941180006314535e+05 2.047333356649203924e+05
4.510989386693662964e+05 1.316623341207455669e+05
4.459251960475278320e+05 1.341324453518624650e+05
3.875818991036352818e+05 2.196500381214747322e+05
4.254839607293343288e+05 1.728738100344641134e+05
4.240358501838867669e+05 1.790258326979409321e+05
5.657034778547217138e+05 1.537567623302513384e+05
5.126341815805826336e+05 2.221028452635760186e+05
5.091377215901036980e+05 1.663712923871961539e+05
5.251203318569106050e+05 2.275795488491692813e+05
5.578987961012218148e+05 2.140829208849129791e+05
4.332648101919029141e+05 1.816380248318201047e+05
4.599643727889874135e+05 2.101808762728382426e+05
4.149997249884927296e+05 2.339481164722317480e+05
3.636743148106700974e+05 1.154949663796839013e+05
4.499087263725509983e+05 2.098316163657210418e+05
4.309117545857888181e+05 2.260340777756847674e+05
4.355963062591166236e+05 2.285556419224998972e+05
3.623477603396894410e+05 2.076896464343513362e+05
4.440069019306910923e+05 2.331296536628697359e+05
5.295820730146527058e+05 2.318740040657638165e+05
4.393448732150201686e+05 1.255319024546276341e+05
5.420768084749140544e+05 2.334064877802971168e+05
4.216614630474306759e+05 2.270936439243902569e+05
4.227657822319759871e+05 2.343276391653871397e+05
3.638417816956183524e+05 1.070364233993785019e+05
4.230862256212881766e+05 1.555102832365121285e+05
4.160850511492547812e+05 1.522935284562480520e+05
5.720697469581577461e+05 1.947402683019308024e+05
5.659726911263912916e+05 1.950702223486073781e+05
5.057204269758368609e+05 2.214053501098065171e+05
4.270279721486211056e+05 1.075780477902592538e+05
5.576430124488133006e+05 1.601387667334374855e+05
4.755932400823194184e+05 2.213422608237827953e+05
5.701792895580426557e+05 1.339768694725498499e+05
4.767588709472282790e+05 2.154605402584467665e+05
4.820430167943944689e+05 2.122613898242276919e+05
4.769034752231702441e+05 2.095888230467978865e+05
3.834988562159651192e+05 1.850603377560013905e+05
3.779469838725160807e+05 1.880903674464322394e+05
4.537726083492528996e+05 1.136332343633462151e+05
3.845683455657250015e+05 8.593468204872964998e+04
3.645039777113980963e+05 1.654142139473932912e+05
3.925444489240089897e+05 9.552212577919814794e+04
5.614920147740805987e+05 1.488324963566388178e+05
3.813129983630982460e+05 1.727722455179234967e+05
4.952534239555166569e+05 1.835320500106845575e+05
4.908881701988833956e+05 1.781783668137562054e+05
4.988835714200492948e+05 1.886283670532028773e+05
5.049430282028011279e+05 1.878697842393435421e+05
4.999996074849275756e+05 2.366278263040482998e+05
3.594061215579689597e+05 1.848227951343790628e+05
3.946764257136380766e+05 2.285383418878653320e+05
5.485109209378617816e+05 1.058285848889762565e+05
5.415958361653693719e+05 1.094316458875570970e+05
5.537125475677086506e+05 1.121313689900812460e+05
3.990959505482905079e+05 8.306839704059886571e+04
3.443911945176105946e+05 1.004068716453316738e+05
4.618214666896137642e+05 1.482295241123589221e+05
5.622998042244460667e+05 1.809944338396956737e+05
4.782394092842160608e+05 1.403180620985136775e+05
4.788356701581404195e+05 1.334837877626392292e+05
5.610064495610398008e+05 2.258949434833200066e+05
5.603711595025300048e+05 2.328551592071765626e+05
4.219186446906534256e+05 1.490081514694333600e+05
5.364181972183934413e+05 2.299464627592251054e+05
3.842738604712252272e+05 2.251744528157669702e+05
5.554457928933865624e+05 1.498143901703248557e+05
5.026479551099541131e+05 2.263324648925830843e+05
4.360330675669897464e+05 1.005065999369437486e+05
4.706873654666510411e+05 2.106052610403558356e+05
5.198355779063398950e+05 2.232134015769636317e+05
5.538327952792015858e+05 1.246053314018015808e+05
3.662661507425094023e+05 2.012835697023557732e+05
4.180625111958866473e+05 9.754468822224413452e+04
4.552610877493452281e+05 1.485179216391369409e+05
4.762271751460168744e+05 1.563532520735565340e+05
4.738851698989915894e+05 1.625485223736070329e+05
4.966491536516386550e+05 1.945975799952599627e+05
5.475005642276222352e+05 2.309438866887295444e+05
5.032801155172148719e+05 2.158278129391280818e+05
3.715756235780604766e+05 1.670166519382548868e+05
4.488243711246293969e+05 2.192411033780940343e+05
4.434307856515343301e+05 2.208054987411697512e+05
3.910275187857612036e+05 1.149146662757003505e+05
3.901487581009909627e+05 1.225580552800275909e+05
3.857190512499092729e+05 1.353404807356719975e+05
4.154063728620543261e+05 1.780404816402118304e+05
5.325292563796991017e+05 1.220631599460959696e+05
5.291148549208921613e+05 1.186037896175420028e+05
5.357203856305133086e+05 1.116925575652103871e+05
5.573527966253296472e+05 1.040723621381848498e+05
5.601774566431846470e+05 1.110957776677555667e+05
4.121875167978436220e+05 2.090824900754739065e+05
4.141487977250640397e+05 2.041824798397720151e+05
4.528452787495081429e+05 1.202296869701774267e+05
4.599997261054802220e+05 1.868226391767708992e+05
4.554672624994725920e+05 1.836704695057845674e+05
4.651856694994025165e+05 1.905997823997576779e+05
4.566224180196195375e+05 1.773892436379458522e+05
4.503702037839503610e+05 1.794670742213439371e+05
4.346051066095743445e+05 1.149067869886537519e+05
4.552331154231512919e+05 1.064710918681478361e+05
4.256374738470755983e+05 2.072140768422219262e+05
4.212658717916308669e+05 2.099929186435599404e+05
4.051181639138614992e+05 1.717471364229535684e+05
5.050885807782177581e+05 2.322243058521830244e+05
4.890320485311193042e+05 1.849502526719642046e+05
4.849673845108491951e+05 1.747695900413019117e+05
5.580973377655410441e+05 1.918903005543104373e+05
4.050251657690920983e+05 1.781634394500435446e+05
4.533679881416127319e+05 1.720978414984027040e+05
4.275623470879229717e+05 1.833896884027708438e+05
4.313893068122834084e+05 1.874520841060942039e+05
4.217863547633428243e+05 1.848317065341355628e+05
5.549358533098381013e+05 2.038339640552087512e+05
5.123733458080689888e+05 1.968429755879106233e+05
4.393886780246933922e+05 1.811217787518863042e+05
5.283503291715382366e+05 1.329473024894010741e+05
5.222363785518268705e+05 1.338610673571556399e+05
5.198666706741226953e+05 1.396301567801182100e+05
5.162247892277893843e+05 1.346998817397650564e+05
5.136657464444052894e+05 1.404599291561761638e+05
5.186097714117844589e+05 1.291273893775796896e+05
5.125099735217812704e+05 1.303522844199275278e+05
5.174872751175400335e+05 1.455004555304200912e+05
5.112872413652422838e+05 1.463680412057198992e+05
5.149458316474138992e+05 1.513655622508922534e+05
5.085927024334055022e+05 1.521604399506684858e+05
5.049152785662431270e+05 1.464498851167689718e+05
5.131319965422361274e+05 1.570190442855527799e+05
4.946425083055866417e+05 1.164572301661948295e+05
4.881637096982506337e+05 1.177260488278525881e+05
4.852759815396253834e+05 1.243064170852280222e+05
4.819081959639895940e+05 1.182426571535028343e+05
4.904842081480922643e+05 1.116296240980527073e+05
5.386808913427982479e+05 2.016403818167897698e+05
5.344225710537302075e+05 1.971616171131179144e+05
5.324054105454019736e+05 2.031736226805399638e+05
4.415561705275332206e+05 2.264722451755026996e+05
3.946718174834355013e+05 1.969636184864143142e+05
5.380750977593897842e+05 1.531279924360737787e+05
5.630264756109309383e+05 1.996024902188798296e+05
3.998423480637021712e+05 1.936550458916291245e+05
5.150463828766291263e+05 1.157016855218308629e+05
5.181103670611097477e+05 1.204075564914458228e+05
5.201646293626524275e+05 1.155491117247949587e+05
3.762747723083699238e+05 1.623783163563179842e+05
4.868082944037853740e+05 1.624984863601261459e+05
4.842225751553730224e+05 1.683667931672341656e+05
4.801996822942217113e+05 1.623359694329891354e+05
4.357845469055535505e+05 1.356929344749417505e+05
4.266499215049297782e+05 1.254940397648195649e+05
4.103705170372013235e+05 2.146622775807662983e+05
4.402239679897850147e+05 1.406817952290341782e+05
4.096438250932213850e+05 1.416750914145733695e+05
4.081561994665695820e+05 1.488419995964377304e+05
4.010173871747120866e+05 1.499762521892323857e+05
3.958180624333224841e+05 1.456571892791293212e+05
5.190291691064023180e+05 1.070708059713052644e+05
4.162194753199919360e+05 2.283903396066816640e+05
4.845033761908995220e+05 1.406353311777151539e+05
5.341559134197689127e+05 1.653240951395932643e+05
4.864068855397697771e+05 2.081843212785383803e+05
5.533675413407975575e+05 2.096322987194808957e+05
5.071742160746306763e+05 1.821060058057497081e+05
5.238444217252321541e+05 1.446105317751445109e+05
4.943372647308722371e+05 1.725183594207665010e+05
5.062595591027464252e+05 1.320340848121255403e+05
4.806501376601119409e+05 2.247102837026701309e+05
5.389516963305044919e+05 2.184439345176131465e+05
4.677786420035122428e+05 1.633397615073902998e+05
5.655203448408136610e+05 1.862418789447023300e+05
5.341635587848213036e+05 1.817420883860318281e+05
5.383131745686085196e+05 1.860239410937738139e+05
5.361642651438526809e+05 1.759332678383478487e+05
5.321387974736340111e+05 1.712336985864784510e+05
5.192623818921856582e+05 1.564310244772018632e+05
4.740641435840915656e+05 1.298747296030875877e+05
4.801872031566636870e+05 1.279099827019490913e+05
5.418714792967544636e+05 1.409427583025722415e+05
5.153545763771199854e+05 1.681415016613685584e+05
3.879039873528062599e+05 1.688902232790947019e+05
4.796707010515989386e+05 1.768317274397240544e+05
5.426246582659571432e+05 1.902218311381853418e+05
4.989789349011270097e+05 1.501257962467947509e+05
4.788496618655077182e+05 1.987076091389280336e+05
4.843922333643320017e+05 1.131787686570512742e+05
4.593651602067321655e+05 1.175606256984978972e+05
5.525122949513564818e+05 2.402999200331302709e+05
4.151161616465697298e+05 2.395935827389538754e+05
5.056129150984887965e+05 1.615905387696525140e+05
5.183585523419436649e+05 1.794468728206611704e+05
5.223836733671844704e+05 2.164914314774982922e+05
4.572147181824042345e+05 1.298154920342863188e+05
4.001596438565799035e+05 1.996377139889494865e+05
5.248316953227808699e+05 1.285882627566952870e+05
4.649879862596726744e+05 1.960375024192703422e+05
3.770142174728760147e+05 2.075185160783837782e+05
5.183189425318895373e+05 2.115754945809228811e+05
5.556281338661495829e+05 1.660494041333336500e+05
5.604281448336079484e+05 1.708428645999734290e+05
4.497936718316865736e+05 1.929727962761508534e+05
4.346263224019493209e+05 1.592987937699592730e+05
4.283273078175617266e+05 1.609248340596106136e+05
4.548319870794764720e+05 2.071434786144255486e+05
4.391039337021156680e+05 1.639577220583671879e+05
5.144044627144067781e+05 1.912136830561853130e+05
4.105628436016190681e+05 1.556222809921640437e+05
5.402810881505099824e+05 1.803331553630183917e+05
5.577372389287292026e+05 1.764635406169748749e+05
5.215770660984839778e+05 1.105369959050803154e+05
4.303935470696598641e+05 1.932046578545726370e+05
5.508566135451761074e+05 1.187068887039549008e+05
4.532726000179318362e+05 1.550930035078892543e+05
3.887656874584511388e+05 1.815713362153884373e+05
4.700602569842335070e+05 1.985503941715443507e+05
4.898877862277697423e+05 1.290966109999603068e+05
5.499528956366633065e+05 1.344042421944499365e+05
4.107140265619820566e+05 1.994127082543792785e+05
4.399324158905241056e+05 2.042488349901647598e+05
5.421494349267431535e+05 1.746494455811414227e+05
4.621782476325671305e+05 1.042196655413975968e+05
4.258934280376213137e+05 2.180635366500368982e+05
4.112072901687022531e+05 1.170699919318850443e+05
4.115988730760126491e+05 1.350895610228607256e+05
3.893429930187671562e+05 1.482174499454996549e+05
5.443959614017814165e+05 1.846467286533549777e+05
5.681196727594202384e+05 1.404308471124791540e+05
4.716811830936043989e+05 1.680502372816966381e+05
5.237084794359563966e+05 1.195590279567584221e+05
3.946157047628067667e+05 2.125306015426656231e+05
5.463924160991521785e+05 1.451968258783899073e+05
3.778379667947583948e+05 1.943895687254695222e+05
3.714533691278672777e+05 1.904837502169692889e+05
4.651339440375206759e+05 2.134423407270600437e+05
5.003762021432205220e+05 1.992148130931211053e+05
4.489838763534734026e+05 1.504903506697542325e+05
3.953241634628322208e+05 1.268485901558817714e+05
4.268523782414398156e+05 1.669525794514105073e+05
5.300983593123031314e+05 1.931441765436165733e+05
4.625726766994664213e+05 2.320230355140779866e+05
4.683749824444917031e+05 2.359496021805423079e+05
4.103268940654572216e+05 1.812601987872681930e+05
5.456171138634756207e+05 1.298340673520866112e+05
5.201142957214018097e+05 2.407095990555097815e+05
5.594896915271102916e+05 1.542692191878691374e+05
4.500324556841455633e+05 1.866787031335799547e+05
4.401042608242997085e+05 2.099851207181257778e+05
3.722674337692149566e+05 1.975466489636848855e+05
3.736431858991703484e+05 2.242952715164144756e+05
5.594172974214712158e+05 2.079804557042977249e+05
3.640761844618648174e+05 1.899373968994391616e+05
5.282615161049054004e+05 1.987625299707147642e+05
4.218782956886392785e+05 1.033609535196980141e+05
4.330743957494981587e+05 1.239194955737986456e+05
3.890085273098836769e+05 2.301475681315802794e+05
4.451177707051495672e+05 2.124829806511909701e+05
5.380959375127215171e+05 1.700736005986903328e+05
4.005702121303210151e+05 2.268982089599444007e+05
4.148445904729835456e+05 1.460385955875497893e+05
3.931666518763609929e+05 1.028234046013291954e+05
4.967297233788571320e+05 2.264733956255642406e+05
3.518963816346443491e+05 9.515182377653932781e+04
3.588483427602933953e+05 9.007805982523865532e+04
5.264126390717502218e+05 1.105222276202304929e+05
5.155346026697600028e+05 2.169469711403221590e+05
4.685582751626915997e+05 1.473161555558012333e+05
4.756527054884871468e+05 1.466692503417030093e+05
3.383119598903568112e+05 9.631192611067005782e+04
3.370393206384312361e+05 1.011389863294385141e+05
5.085996355216737138e+05 1.923308887329128047e+05
4.211185842422797577e+05 1.689742989633114194e+05
3.922687748076991411e+05 8.751001478999291430e+04
4.705433019826431409e+05 1.893776658434100682e+05
3.829028913814667612e+05 1.794312285578341980e+05
3.665081101661150460e+05 8.010997297178345616e+04
4.060077615605530445e+05 1.118461903197096835e+05
5.025533914243892068e+05 1.933266739542456344e+05
4.303167259488549316e+05 9.820086189817237027e+04
3.868293287090254016e+05 9.210980457541286887e+04
4.261369697756153764e+05 2.259419249559590826e+05
3.886114119989234023e+05 2.138758323492284107e+05
4.762336462389664375e+05 1.180465170825439272e+05
3.584872688478734926e+05 1.608085749536779476e+05
5.369173894448819337e+05 2.241633097250477294e+05
4.111075284049696056e+05 9.870162872722986504e+04
3.769122523229216458e+05 9.984161589127320622e+04
5.531648631465319777e+05 2.345702573188800598e+05
5.400195955412582261e+05 1.642573275640907814e+05
4.447470550003623357e+05 1.785808533416407299e+05
4.881136316243736073e+05 1.003460545611975831e+05
5.363677018076594686e+05 1.916427115884308005e+05
3.711305252117200871e+05 2.294667012123454479e+05
3.736779519964401261e+05 1.838971847639946209e+05
5.107069736940928851e+05 1.867219306727758376e+05
3.587525931712609017e+05 2.023299888474298932e+05
3.998497702006970067e+05 1.560432394047819253e+05
4.769758515581533429e+05 2.044629723594541138e+05
4.009189324983647093e+05 1.058650023650071089e+05
4.596327875650541391e+05 2.157700049172311556e+05
4.848906169774238952e+05 1.071471436633351259e+05
5.418841079732931685e+05 1.579659308359684364e+05
4.795547437672419474e+05 1.517605481809055782e+05
4.925394749859343283e+05 1.054804057964746899e+05
4.395349466248954996e+05 2.378000675036148168e+05
3.782868451097154175e+05 2.135156171103272354e+05
5.620800073316537309e+05 2.189675379820371745e+05
4.661031696749911061e+05 1.848156837010473246e+05
5.437239153955947841e+05 1.513568705689000490e+05
4.313721444953067112e+05 2.307910199131364061e+05
3.607432709638795350e+05 9.888807771909725852e+04
4.170204758874872350e+05 2.078089881270247279e+05
5.655252426358568482e+05 1.096566243596695567e+05
4.354533903863565065e+05 1.905015581905302242e+05
5.628416463291896507e+05 1.757433479630121146e+05
5.651674403254787903e+05 1.677685035245474137e+05
5.272520271062671673e+05 1.234649953108470509e+05
5.302112572089978494e+05 2.372271608752330649e+05
5.684624530238709413e+05 1.902932197143465455e+05
3.988004391556698247e+05 2.323537819872871623e+05
4.965668465535119176e+05 2.409366857958380715e+05
5.505383217567908578e+05 1.286837510929214332e+05
4.998518148712320253e+05 1.439546968468058913e+05
4.741697626276288065e+05 2.268753893497121753e+05
5.086511547001931467e+05 2.164813221831052215e+05
5.244486261259312741e+05 2.348193025464604434e+05
3.771144079993182095e+05 1.681703521295811515e+05
5.127873714094341849e+05 1.806685497852034750e+05
5.252626510642329231e+05 1.147959083880748512e+05
4.777583505710262107e+05 1.676256327548651316e+05
5.302986855712864781e+05 1.134826101018050831e+05
4.271599690704542445e+05 1.020582351974608027e+05
3.895513718581727589e+05 1.288798320685992803e+05
5.631878373693691101e+05 1.909053546825232042e+05
3.671763411281357985e+05 1.948412113839128870e+05
5.089012453389463481e+05 1.415732917319950357e+05
5.611246528251199052e+05 1.644587927553767222e+05
4.729025133765637875e+05 2.323153925902722985e+05
5.146260941007266520e+05 1.744026303695427487e+05
4.519424048085403629e+05 1.263213810540448903e+05
5.089682331923877355e+05 1.262009844613800815e+05
5.102219212523569586e+05 1.363122123889616923e+05
4.205416745199928409e+05 1.434740186299855122e+05
4.417957919322354719e+05 2.437101647573028749e+05
5.697051084931420628e+05 1.777606518229952198e+05
4.547167127550983569e+05 2.124992799732537824e+05
5.514271369610342663e+05 1.461943255677291600e+05
5.636607298521429766e+05 2.124453257139509660e+05
3.786730129758543335e+05 2.229740722004885029e+05
4.296850565130888717e+05 1.125680117089454143e+05
5.213454103538130876e+05 1.244660674221007503e+05
3.689730323849172564e+05 9.976205008619950968e+04
4.202552346250913688e+05 1.752686878079269081e+05
4.500630044534814078e+05 1.449149509084453166e+05
5.157185666194697842e+05 2.453642618522015982e+05
4.805706462578523788e+05 1.720055689299635706e+05
4.048215733802399482e+05 2.012796971174837090e+05
5.630197589027122594e+05 1.588656120974545192e+05
3.794919308597773779e+05 1.328455765325574903e+05
5.420026853172121337e+05 2.280353646200857183e+05
5.467013290543607436e+05 1.392736923359639768e+05
5.152242482471127296e+05 1.252371877614049008e+05
4.844159832447369117e+05 1.306084940948977746e+05
5.653692594297195319e+05 1.350476643051116262e+05
4.458546605550091481e+05 2.454689250467965612e+05
4.471880205761580146e+05 1.292111315258747200e+05
5.122335880071753636e+05 1.622089488251942967e+05
3.966162622552195680e+05 2.079747107004440913e+05
5.001425607172863092e+05 2.307298031300848816e+05
4.051670317879911163e+05 1.538243124868980667e+05
3.726462046925867908e+05 2.030554737044438371e+05
3.641811653672621469e+05 8.609406559618235042e+04
4.269649468795844587e+05 1.502656218447537685e+05
4.219665659129532287e+05 2.145476445459643437e+05
4.813691718015653314e+05 2.076439713545220438e+05
3.853417695985028404e+05 1.438923068715174741e+05
3.944544390987637453e+05 1.089641599260866205e+05
5.634985672243532026e+05 1.440013268266828090e+05
4.782524205514239729e+05 1.060337722598723631e+05
4.197466283355101477e+05 2.310980814352372545e+05
4.053182534392457455e+05 1.004732294875633524e+05
4.392048758018015069e+05 2.209059608143349178e+05
4.500676144101837999e+05 2.148140383740663528e+05
3.605282866577523528e+05 2.134430441111698456e+05
4.366114202959231334e+05 1.303681886998982955e+05
4.943482212169306586e+05 2.366095949370008020e+05
5.367551244364453014e+05 1.061082325703574752e+05
5.173839748712931760e+05 1.116546776714175212e+05
5.636207241005233955e+05 1.161985257489302312e+05
4.386827324549066252e+05 2.325393851020220318e+05
5.111696041493393132e+05 1.709085257431163918e+05
5.202973246704473859e+05 2.297711288978609664e+05
4.271144125333963311e+05 2.221233597142159415e+05
4.454111231517683482e+05 1.403481222346456198e+05
3.695959205101183616e+05 1.124025866147101915e+05
4.644969882456469350e+05 1.432482209244730766e+05
4.194977465808814159e+05 1.807251072398917750e+05
3.820588649512131815e+05 2.177169422475242463e+05
5.690535071280671982e+05 2.114838336689685530e+05
3.805601957423391286e+05 9.296855603072236408e+04
5.613239726638889406e+05 1.953562050513443537e+05
4.693537452235306264e+05 1.941585550460376253e+05
5.680591886073997011e+05 1.582639085748586222e+05
5.788701724215055583e+05 1.390430316774170205e+05
4.357542701147461776e+05 1.856143638777785818e+05
4.195523623031507013e+05 1.888708047344706429e+05
4.190291837976251845e+05 2.367126622511272144e+05
4.452732100926138228e+05 2.168708979925855529e+05
4.987080314352344722e+05 1.051664501173477038e+05
3.880781644025960122e+05 2.345084494629998226e+05
4.743144688204305712e+05 2.003505608270517550e+05
3.850696018738921266e+05 1.193638222377508937e+05
4.892953150574641768e+05 1.722406192426476046e+05
5.738460445979279466e+05 1.900803120194718940e+05
5.742810929988046410e+05 1.370673796657037456e+05
5.076891365723193157e+05 1.567769916986550670e+05
4.987411284594306489e+05 2.146835900543022435e+05
4.315670829537608661e+05 1.033940037296269875e+05
3.788461359686410869e+05 1.831520790496002883e+05
5.659819007507186616e+05 2.230722718194077606e+05
4.863958156206610147e+05 2.138373940457903664e+05
5.061941994459170965e+05 2.123073596951690270e+05
5.597848165172723820e+05 2.032651629452725174e+05
3.641989880321823293e+05 1.582491167283292452e+05
4.799190596982543939e+05 1.230962826531872852e+05
5.040518833459330490e+05 1.516098068201521819e+05
5.583095451859913301e+05 2.387510759260902414e+05
4.422227320133352187e+05 1.298971695230135520e+05
4.164274712250987068e+05 2.003187636503453832e+05
5.472652896850157995e+05 2.260940609603794001e+05
3.742453605368130957e+05 2.324328241867159959e+05
5.621327903552518692e+05 1.065531338595777197e+05
4.828197990703959949e+05 1.362817195406104729e+05
5.748758406474796357e+05 1.326733308551482041e+05
5.781918226039715810e+05 1.304987244405108504e+05
3.592877840969742392e+05 1.902856644330631825e+05
5.660459610581941670e+05 1.778373162950215628e+05
4.408434065042779548e+05 1.354666909451537649e+05
4.587727518090000958e+05 1.443092680996232666e+05
4.734024203180668410e+05 2.075230192511526111e+05
4.474410671515736030e+05 2.296104753615009249e+05
