650 804 501
85 471 84
15 818 14
705 757 576
162 648 158
395 614 569
72 541 71
488 651 589
496 796 649
20 563 19
576 809 705
541 904 71
471 538 84
572 929 54
565 830 54
327 731 594
452 949 836
320 832 683
815 874 556
594 731 526
575 753 217
596 657 292
99 984 98
586 619 584
54 929 573
683 736 320
365 747 522
32 833 31
159 648 646
31 833 30
584 619 435
292 656 596
625 699 396
38 933 567
649 660 389
11 825 10
495 616 593
644 737 589
101 175 100
88 218 87
240 874 815
477 801 783
589 651 419
302 662 661
325 737 644
829 949 452
563 574 19
567 845 38
648 660 649
522 947 831
626 699 625
122 771 121
93 927 593
466 804 650
159 646 645
548 744 519
76 395 75
74 541 73
591 630 491
158 648 159
5 822 605
54 830 572
221 584 582
366 617 579
113 111 112
579 629 366
783 843 477
56 893 854
49 337 303
649 796 646
736 850 320
546 817 816
113 708 111
146 656 149
452 810 592
816 817 486
850 928 320
661 663 302
49 303 48
110 708 109
593 927 495
7 321 6
569 614 505
867 875 74
162 660 648
10 825 8
175 322 100
125 618 124
56 854 55
589 737 488
5 605 4
538 948 83
775 925 26
54 859 565
777 927 93
148 597 595
519 917 548
508 753 575
566 859 55
34 600 189
831 947 552
635 908 25
353 641 604
569 867 395
62 790 61
349 872 678
53 573 52
55 939 566
84 538 83
678 885 349
189 600 477
55 859 54
608 721 497
612 976 80
601 805 47
88 497 218
106 640 105
114 128 113
119 517 118
542 775 707
371 630 591
582 718 221
546 852 817
545 772 543
107 603 602
74 875 794
21 563 20
65 523 64
510 848 826
51 739 50
471 539 538
13 818 606
45 615 531
451 604 602
625 852 546
501 804 570
419 651 123
517 840 118
602 603 451
580 899 489
595 656 148
747 855 522
780 917 506
590 822 5
398 747 365
599 918 453
459 620 556
42 842 41
640 981 104
499 612 611
28 491 27
121 771 120
619 784 435
767 793 383
777 964 583
489 967 580
105 640 104
371 591 33
404 901 574
523 887 64
1 623 0
148 656 146
453 935 599
217 922 575
81 612 80
772 923 543
473 762 423
104 862 103
210 726 203
118 840 117
204 726 679
602 640 106
149 656 292
649 839 496
606 812 13
485 721 608
355 710 609
25 925 635
496 666 334
826 848 487
611 612 81
592 829 452
688 931 447
750 864 213
221 585 584
62 791 790
574 901 860
73 541 72
66 127 65
515 792 636
86 577 471
621 762 473
707 775 211
302 761 662
854 939 55
394 810 452
26 925 25
152 857 823
60 533 59
651 771 122
615 947 898
506 831 780
2 241 1
316 633 394
76 571 395
128 693 113
636 792 269
741 888 877
148 627 597
471 577 539
124 347 123
347 419 123
836 949 536
213 865 750
66 133 127
63 791 62
552 947 615
491 973 591
556 874 579
64 791 63
83 166 82
499 837 612
708 760 109
48 869 47
583 913 777
554 663 661
679 916 204
574 944 404
317 655 599
805 959 47
142 627 144
822 829 592
80 976 79
86 963 577
594 824 327
613 809 576
33 591 32
203 726 204
513 858 851
733 841 482
435 784 392
35 600 34
571 614 395
37 279 36
491 696 27
586 989 619
609 817 355
19 574 490
213 894 89
730 916 557
459 941 620
890 911 232
39 933 38
47 869 601
45 805 615
25 908 24
299 687 288
916 965 740
812 860 813
316 961 633
851 858 690
144 627 148
222 223 128
528 910 781
577 578 539
506 917 519
288 687 212
1 835 623
653 861 544
630 696 491
566 688 447
79 738 78
789 802 686
6 590 5
877 888 518
622 884 279
526 876 594
349 891 717
590 829 822
596 656 595
642 702 544
304 726 210
408 702 642
423 762 451
885 891 349
823 857 647
814 880 219
686 802 687
251 659 249
655 918 599
456 904 794
539 540 538
107 602 106
604 762 353
631 632 305
674 676 304
284 631 305
507 803 623
364 827 785
107 936 603
699 879 698
337 338 303
648 649 646
558 875 569
94 777 93
723 776 758
855 947 522
544 923 653
353 938 641
502 889 644
657 732 292
456 794 458
495 896 616
15 819 818
684 736 681
420 464 419
666 954 334
673 911 890
266 652 264
224 680 388
114 222 128
508 788 753
347 420 419
561 895 849
616 795 593
613 892 809
680 684 681
222 680 224
304 715 674
71 904 70
208 892 613
733 776 723
767 871 793
223 232 128
125 828 618
694 695 693
450 535 415
464 644 589
634 961 348
508 821 788
502 977 915
704 774 479
879 905 698
254 659 251
781 896 528
620 815 556
60 568 533
490 606 18
535 637 415
266 653 652
266 978 643
613 922 208
49 562 337
339 436 390
502 915 889
380 658 485
337 709 339
464 589 419
389 839 649
856 897 559
348 882 634
175 492 322
74 794 541
600 801 477
426 770 758
284 305 167
219 880 639
232 694 693
232 693 128
420 501 464
570 977 502
350 774 704
878 880 814
79 976 738
436 572 545
409 654 515
264 652 267
337 339 338
351 637 358
13 812 12
643 861 266
659 792 515
396 852 625
723 841 733
249 659 654
356 702 408
639 936 219
374 685 313
329 351 310
482 685 374
14 818 13
436 545 543
215 244 22
120 771 242
347 618 489
91 278 90
820 827 364
654 659 515
680 681 388
309 310 276
490 860 812
645 857 159
599 870 69
81 969 611
585 586 584
436 543 390
685 687 299
510 930 848
678 872 734
286 654 409
64 887 791
489 650 420
676 726 304
395 867 75
332 837 628
544 861 642
563 944 574
661 662 560
317 599 69
342 719 298
501 502 464
614 834 505
706 707 211
370 446 413
377 658 380
375 377 376
373 374 313
293 370 369
519 744 689
681 682 388
674 715 669
689 692 280
558 941 875
373 375 374
849 895 449
36 600 35
222 224 223
309 329 310
457 655 317
562 709 337
134 718 127
705 809 704
298 719 312
679 965 916
556 579 500
347 489 420
441 661 560
275 309 276
456 457 317
449 631 284
275 276 245
415 637 351
456 458 457
375 376 374
667 668 311
524 680 222
4 605 3
557 916 740
482 686 685
204 916 730
459 556 500
78 738 77
124 618 347
233 690 281
408 642 549
255 257 256
257 259 258
738 837 332
352 415 351
785 827 627
642 643 549
142 785 627
83 948 166
23 215 22
259 262 260
295 689 280
502 644 464
38 845 37
133 134 127
70 456 317
383 910 767
43 842 42
588 843 783
276 667 311
221 718 134
459 500 457
230 468 467
380 485 424
262 264 263
163 720 169
277 285 284
579 617 500
388 766 226
530 903 529
620 941 558
154 247 246
458 459 457
94 964 777
164 660 162
248 249 247
277 284 167
267 652 293
339 390 340
526 731 131
160 720 163
285 449 284
253 255 254
131 154 132
528 896 495
366 811 617
7 431 321
313 685 299
45 531 44
252 253 251
515 636 455
214 690 233
179 665 364
633 961 634
760 878 814
379 658 377
623 803 157
262 266 264
250 251 249
539 691 540
182 183 181
441 560 439
697 699 698
506 519 346
554 661 441
752 753 520
353 621 175
604 641 640
275 729 309
293 454 370
412 716 462
129 526 131
264 267 265
481 705 704
801 884 783
777 913 494
430 435 392
253 254 251
346 689 295
377 380 378
173 389 171
336 697 421
273 307 291
372 373 313
309 729 383
123 651 122
758 776 426
233 275 245
409 455 410
697 698 421
439 666 437
409 515 455
267 293 272
530 943 903
173 437 389
247 654 286
488 771 651
682 766 388
375 379 377
446 565 447
481 704 479
154 248 247
582 873 718
501 570 502
197 703 196
87 963 86
462 716 596
255 256 254
194 723 722
257 258 256
582 584 435
519 689 346
286 409 354
408 549 548
535 638 637
377 378 376
560 666 439
259 260 258
382 465 443
480 481 479
249 654 247
2 406 241
414 931 632
171 660 164
180 182 181
46 959 45
41 230 40
681 683 682
154 731 248
247 286 246
420 650 501
127 718 523
389 660 171
307 384 363
196 703 207
187 194 192
154 246 132
248 731 327
331 697 336
224 225 223
262 263 260
356 408 405
329 352 351
183 184 181
70 317 69
312 719 382
353 762 621
351 358 310
217 753 752
129 131 130
490 812 606
264 265 263
451 762 604
129 696 526
69 870 68
209 711 234
214 233 216
233 245 216
628 837 499
102 938 101
127 523 65
307 363 291
289 710 355
131 132 130
370 413 369
499 979 628
234 690 214
61 277 167
384 476 363
330 331 290
209 234 214
559 713 442
242 771 488
230 467 399
396 697 331
114 524 222
463 714 461
239 710 237
479 774 328
194 722 192
669 715 311
409 410 354
133 135 134
470 626 625
438 439 437
386 716 412
158 159 155
312 313 299
248 250 249
330 396 331
598 714 463
289 290 238
180 181 179
391 392 285
336 421 386
143 712 140
485 608 424
412 462 461
235 701 273
229 239 237
224 388 226
396 699 697
632 931 688
440 441 439
144 145 143
462 463 461
7 825 431
412 461 460
273 701 307
724 725 198
237 710 289
331 336 335
639 880 535
462 595 463
339 340 338
255 261 257
93 555 92
289 330 290
202 725 711
553 554 441
365 506 346
345 346 295
224 226 225
293 369 272
220 235 227
117 840 116
336 386 385
866 900 745
595 597 463
228 717 225
237 238 231
386 412 411
93 593 555
226 228 225
229 231 228
66 453 133
207 703 700
331 335 290
202 711 209
243 701 235
250 252 251
668 672 670
233 281 275
461 714 518
237 289 238
172 173 171
461 518 460
145 362 143
229 237 231
226 229 228
799 842 531
276 311 245
207 700 220
578 691 539
18 606 17
375 664 379
169 720 470
75 867 74
30 833 29
349 717 228
430 582 435
253 692 255
181 665 179
267 268 265
421 716 386
376 482 374
61 167 60
401 479 328
638 878 779
135 137 136
209 214 210
686 687 685
314 769 534
131 731 154
478 594 432
198 725 199
231 349 228
462 596 595
335 734 290
408 548 405
336 385 335
216 715 304
689 744 692
382 719 465
677 679 676
169 470 416
657 962 698
386 411 385
675 677 676
140 712 138
368 448 326
199 725 202
470 625 546
214 216 210
137 139 138
412 460 411
27 129 26
758 770 724
368 486 448
142 143 140
610 728 727
387 734 335
175 621 492
289 355 330
486 609 448
297 342 298
206 217 195
326 727 323
142 144 143
514 616 521
520 755 752
481 706 705
297 343 342
340 702 356
144 146 145
97 547 96
380 381 378
57 893 56
252 280 253
514 521 513
95 953 94
286 354 308
497 721 218
170 171 164
27 696 129
23 348 215
373 664 375
314 534 360
609 610 448
597 598 463
687 802 212
323 727 407
201 730 200
470 546 416
470 720 626
428 759 750
448 727 326
173 438 437
215 316 244
403 478 432
675 676 674
183 185 184
679 726 676
204 730 201
454 772 370
359 368 326
610 727 448
280 692 253
359 444 368
217 752 195
406 592 525
146 147 145
647 857 645
692 744 261
182 212 183
727 728 407
474 475 397
362 712 143
542 925 775
230 399 40
41 799 230
156 160 158
153 156 155
129 130 26
675 678 677
410 508 422
255 692 261
290 734 238
235 273 236
12 813 11
203 204 201
307 701 466
151 153 152
191 197 196
149 151 150
178 180 179
52 739 51
316 393 244
376 733 482
199 200 193
220 243 235
153 161 156
307 466 384
207 220 208
615 898 531
380 424 381
438 440 439
0 157 126
722 724 198
323 407 318
345 365 346
391 430 392
135 136 134
146 149 147
475 751 397
309 383 329
428 750 749
310 667 276
343 505 342
220 700 243
695 878 760
385 387 335
324 326 323
503 619 504
440 553 441
591 973 833
156 158 155
645 646 475
145 735 362
151 732 153
188 296 186
418 561 503
365 522 506
672 673 670
665 820 364
216 304 210
610 912 728
752 755 190
179 364 177
149 292 151
147 735 145
596 962 657
149 150 147
273 291 274
460 557 411
153 155 152
169 416 367
319 323 318
445 529 444
416 607 367
401 480 479
184 665 181
503 504 469
370 772 446
160 162 158
324 359 326
467 747 509
281 729 275
319 324 323
144 148 146
151 152 150
496 839 666
359 445 444
575 922 613
382 443 442
482 841 686
403 432 371
671 675 674
474 645 475
543 923 544
500 655 457
860 901 537
220 227 208
150 205 147
170 172 171
512 514 513
543 544 390
137 138 136
173 755 438
286 308 246
202 209 203
418 754 561
202 203 201
720 778 626
723 758 722
101 353 175
558 569 505
209 210 203
378 733 376
199 202 201
607 624 367
668 745 672
199 201 200
267 272 268
153 732 161
248 327 250
411 740 385
492 493 322
236 350 227
340 356 341
196 207 206
429 472 427
552 615 516
467 509 399
301 319 318
136 221 134
319 325 324
245 715 216
205 735 147
135 366 137
385 740 387
292 732 151
258 269 256
418 503 469
120 165 119
139 140 138
410 422 354
450 639 535
271 314 283
200 741 193
294 295 280
534 564 360
176 178 177
301 318 300
557 740 411
178 179 177
493 528 495
268 271 270
668 670 669
343 620 558
632 688 305
226 766 229
261 768 257
287 742 297
312 372 313
98 984 97
300 320 165
185 186 184
166 897 856
139 141 140
16 819 15
445 530 529
361 397 315
417 474 397
178 240 180
188 741 296
235 236 227
646 796 475
271 283 282
474 647 645
211 846 706
243 804 701
725 807 711
361 418 417
722 758 724
512 581 514
343 742 620
356 405 357
671 674 669
384 580 476
198 199 193
192 193 188
298 299 288
324 743 359
187 188 186
160 163 162
508 575 422
512 513 511
418 469 417
445 550 530
445 743 550
277 391 285
394 452 393
139 176 141
359 743 445
193 741 188
492 767 493
163 169 168
429 511 472
497 986 608
207 208 206
414 806 797
438 755 520
169 367 168
160 778 720
294 764 587
670 671 669
668 669 311
293 652 454
361 417 397
141 142 140
174 190 172
163 164 162
390 702 340
252 294 280
442 713 372
156 778 160
516 601 433
191 195 190
263 302 260
294 587 344
168 170 164
352 793 473
192 722 198
172 755 173
550 551 530
343 558 505
268 270 265
180 748 182
493 767 528
325 743 324
312 382 372
719 834 465
297 742 343
185 187 186
575 576 422
694 779 695
643 768 549
684 853 850
422 757 354
617 655 500
192 198 193
187 192 188
382 442 372
257 768 259
364 785 177
191 786 197
273 274 236
472 770 427
486 817 609
254 792 659
504 765 469
296 756 186
229 766 239
360 361 315
170 174 172
354 757 308
283 333 282
314 360 315
632 957 414
681 736 683
306 328 274
633 634 484
424 425 381
314 315 283
575 613 576
429 512 511
417 746 474
521 858 513
372 713 373
474 746 647
524 684 680
438 520 440
163 168 164
196 206 195
271 282 270
711 838 234
425 426 381
425 427 426
291 306 274
184 756 665
469 746 417
174 191 190
400 401 328
340 341 338
503 784 619
191 196 195
301 737 319
425 428 427
333 334 282
176 177 141
186 756 184
576 757 422
522 831 506
306 773 402
624 763 367
195 752 190
356 357 341
446 447 413
667 745 668
434 552 516
652 653 454
344 345 295
190 755 172
673 890 717
557 940 730
298 312 299
311 715 245
574 860 490
339 709 436
333 496 334
624 786 763
182 287 212
361 754 418
287 297 288
187 789 194
469 765 746
327 764 250
321 590 6
315 751 283
428 429 427
498 559 442
493 494 322
397 751 315
428 749 429
319 737 325
240 748 180
252 764 294
297 298 288
753 788 520
401 532 480
283 751 333
587 588 344
306 400 328
476 483 363
242 301 300
779 878 695
443 499 498
360 754 361
236 774 350
279 845 622
427 770 426
329 793 352
564 754 360
434 516 433
182 748 287
306 402 400
287 288 212
316 394 393
698 905 657
294 344 295
443 498 442
185 802 789
287 748 742
170 763 174
429 749 512
256 792 254
610 982 912
61 790 277
367 763 168
250 764 252
512 749 581
268 769 271
161 778 156
185 789 187
763 786 174
797 806 534
168 763 170
481 707 706
615 805 516
271 769 314
393 404 244
608 759 424
345 398 365
581 795 514
265 761 263
357 433 341
593 795 555
141 785 142
544 702 390
487 633 484
36 985 600
328 774 274
402 487 484
406 822 592
794 904 541
402 484 400
358 745 667
734 975 678
281 781 729
480 707 481
212 802 183
413 414 369
493 495 494
243 934 804
344 782 345
378 776 733
19 490 18
623 835 507
546 816 416
475 796 751
234 851 690
381 776 378
357 434 433
807 838 711
728 912 682
410 821 508
437 839 389
622 920 798
363 773 291
405 780 357
400 787 401
561 784 503
133 811 135
270 761 265
431 921 537
718 873 523
358 667 310
440 788 553
769 797 534
779 900 866
132 211 130
489 899 650
467 855 747
263 761 302
242 300 165
291 773 306
241 835 1
514 795 616
242 488 301
509 622 567
277 790 391
424 759 425
272 769 268
120 242 165
426 776 381
407 974 832
77 738 332
425 759 428
403 843 478
189 477 403
520 788 440
22 563 21
177 785 141
798 884 622
383 793 329
710 982 609
373 713 664
269 792 256
432 630 371
274 774 236
588 782 344
189 403 371
484 787 400
488 737 301
634 787 484
585 970 712
847 960 504
223 890 232
850 853 840
604 640 602
174 786 191
406 525 241
352 473 423
446 942 565
705 919 757
338 808 303
369 797 272
152 823 150
554 946 663
751 796 333
644 889 325
357 780 434
391 527 430
436 709 572
230 799 468
588 783 782
789 841 194
559 800 713
401 787 532
407 832 318
529 903 624
40 933 39
130 775 26
838 851 234
333 796 496
760 814 109
813 860 537
537 921 813
473 871 621
341 808 338
345 782 398
34 189 33
414 797 369
598 827 820
330 852 396
717 891 673
60 990 568
402 826 487
701 804 466
704 809 350
86 471 85
300 832 320
183 802 185
126 828 125
560 954 666
601 808 433
2 605 406
483 773 363
505 834 342
742 815 620
272 797 769
352 423 415
189 371 33
663 955 302
423 450 415
504 989 847
724 807 725
269 955 663
507 835 510
599 935 870
454 923 772
592 810 525
627 827 597
476 803 507
568 990 688
516 805 601
119 928 517
804 934 570
155 857 152
77 332 76
686 841 789
717 890 225
453 811 133
434 831 552
572 830 545
580 803 476
391 790 527
716 962 596
231 872 349
629 966 366
817 852 355
308 919 846
176 966 629
0 623 157
82 969 81
832 974 683
358 866 745
200 888 741
650 899 466
476 507 483
713 800 664
509 567 399
534 806 564
308 846 246
244 944 22
594 876 432
472 807 770
781 910 729
734 872 238
392 849 285
221 970 585
262 978 266
431 537 536
416 816 607
790 791 527
379 972 691
261 906 768
551 943 530
50 739 49
54 573 53
135 811 366
240 815 748
455 821 410
478 824 594
783 798 782
332 571 76
698 962 421
332 628 571
433 808 341
675 885 678
285 849 449
167 990 60
551 987 943
770 807 724
818 819 606
761 863 662
532 542 480
842 980 531
211 775 130
472 838 807
635 882 348
834 909 465
782 798 398
862 938 102
591 833 32
788 821 553
666 839 437
281 858 781
682 974 728
507 510 483
157 828 126
768 906 549
781 858 521
748 815 742
813 921 11
227 892 208
628 909 571
499 611 498
626 879 699
342 834 719
368 945 486
509 920 622
756 820 665
100 583 99
688 990 305
606 819 17
150 823 205
597 827 598
664 972 379
443 979 499
695 937 693
132 846 211
643 978 768
768 978 259
532 635 542
348 961 215
327 824 764
37 845 279
334 863 282
49 739 562
452 836 393
673 891 670
764 824 587
296 844 756
194 841 723
318 832 300
854 893 533
750 886 749
633 926 394
41 842 799
759 864 750
712 970 138
548 917 405
684 850 736
303 869 48
116 958 115
258 955 269
638 866 637
139 966 176
754 895 561
657 905 732
773 826 402
511 838 472
466 899 384
393 836 404
605 822 406
778 879 626
166 969 82
779 866 638
279 985 36
624 988 529
492 871 767
178 971 240
609 982 610
577 868 578
208 922 206
598 844 714
806 957 932
269 946 636
542 707 480
636 946 902
569 875 867
136 970 221
325 889 743
565 942 830
366 966 137
270 863 761
846 919 706
296 877 844
784 849 392
603 639 450
266 861 653
219 936 108
3 605 2
90 865 213
8 825 7
494 927 777
517 928 850
902 946 554
760 937 695
279 884 801
246 846 132
642 861 643
767 910 528
690 858 281
780 831 434
483 826 773
580 967 881
302 955 260
486 945 816
746 951 647
637 866 358
568 854 533
511 851 838
108 936 107
205 960 735
527 873 430
468 855 467
712 924 585
573 956 52
791 887 527
321 949 590
423 451 450
517 850 840
735 847 362
355 852 330
59 914 58
513 851 511
628 979 909
510 826 483
682 912 766
579 874 629
848 930 525
765 960 205
477 843 403
159 857 155
24 908 23
413 931 414
532 882 635
663 946 269
518 940 460
624 903 786
22 944 563
431 536 321
278 865 90
451 603 450
322 913 100
478 968 824
565 566 447
561 849 784
113 937 708
693 937 113
844 877 714
165 928 119
559 897 800
721 868 218
824 968 587
537 901 536
96 953 95
812 813 12
524 853 684
741 877 296
809 892 350
618 967 489
821 902 553
548 906 744
647 951 823
540 948 538
820 844 598
498 856 559
658 883 485
562 929 709
806 932 564
23 908 348
634 882 787
455 902 821
756 844 820
611 856 498
696 876 526
535 880 638
533 914 59
945 988 607
348 908 635
238 872 231
865 886 750
622 845 567
810 848 525
636 902 455
282 863 270
527 887 873
614 909 834
115 958 114
629 971 176
714 877 518
630 876 696
608 864 759
847 924 362
793 871 473
688 939 568
586 924 847
825 921 431
430 873 582
683 974 682
240 971 874
721 883 868
672 911 673
399 933 40
965 975 387
97 984 547
794 875 458
635 925 542
898 947 468
740 965 387
621 871 492
88 894 497
504 960 765
708 937 760
691 950 379
730 888 200
536 901 836
103 862 102
114 958 524
671 885 675
983 984 99
485 883 721
225 890 223
571 909 614
691 972 540
350 892 227
903 943 197
816 945 607
161 879 778
616 896 521
398 920 747
29 973 28
706 919 705
641 938 862
387 975 734
671 891 885
555 952 92
449 932 631
607 988 624
743 889 550
670 891 671
745 900 672
334 954 863
432 876 630
91 952 278
553 902 554
161 905 879
749 886 581
803 881 157
28 973 491
92 952 91
70 904 456
744 906 261
729 910 383
52 956 739
856 969 166
811 918 617
787 882 532
581 907 795
835 930 510
232 911 694
585 924 586
786 903 197
843 968 478
549 906 548
531 980 44
564 895 754
631 957 632
889 915 550
384 899 580
868 963 218
379 950 658
932 957 631
414 957 806
886 907 581
521 896 781
89 894 88
732 905 161
394 926 810
738 976 837
934 987 977
44 980 43
525 930 241
458 941 459
578 950 691
943 987 703
531 898 799
278 907 886
487 926 633
460 940 557
638 880 878
213 986 894
206 922 217
197 943 703
662 954 560
799 898 468
868 883 578
912 982 239
362 924 712
562 956 929
694 911 900
305 990 167
783 884 798
617 918 655
453 918 811
550 915 551
580 881 803
766 912 239
888 940 518
494 913 322
870 935 67
700 934 243
259 978 262
653 923 454
900 911 672
218 963 87
795 907 555
320 928 165
747 920 509
798 920 398
405 917 780
757 919 308
641 981 640
700 987 934
540 972 800
58 914 57
157 881 828
444 945 368
800 897 540
601 869 808
836 901 404
566 939 688
929 956 573
205 951 765
239 982 710
873 887 523
137 966 139
421 962 716
677 965 679
47 959 46
465 979 443
444 988 945
694 900 779
495 927 494
67 935 66
677 975 965
590 949 829
703 987 700
772 942 446
260 955 258
529 988 444
100 913 583
728 974 407
678 975 677
176 971 178
765 951 746
897 948 540
619 989 504
739 956 562
808 869 303
66 935 453
536 949 321
893 914 533
587 968 588
404 944 244
138 970 136
45 959 805
545 942 772
447 931 413
658 950 883
875 941 458
577 963 868
547 953 96
909 979 465
709 929 572
848 926 487
567 933 399
215 961 316
565 859 566
883 950 578
863 954 662
837 976 612
840 853 116
823 951 205
278 886 865
800 972 664
828 967 618
801 985 279
57 914 893
583 983 99
588 968 843
568 939 854
847 989 586
864 986 213
853 958 116
810 926 848
101 938 353
830 942 545
600 985 801
881 967 828
43 980 842
241 930 835
603 936 639
608 986 864
11 921 825
468 947 855
611 969 856
735 960 847
874 971 629
524 958 853
104 981 862
895 932 449
564 932 895
907 952 555
278 952 907
730 940 888
915 977 551
833 973 29
977 987 551
166 948 897
547 984 983
547 964 953
934 977 570
862 981 641
894 986 497
547 983 964
953 964 94
964 983 583
10 8 9
17 819 16
68 870 67
111 708 110
90 213 89
109 219 108
109 814 219
