1432 2677 3055
1185 4 1873
1825 936 2397
1917 2023 2907
61 62 2918
352 1939 1941
283 281 2275
1453 1768 2012
85 86 2874
1972 27 2003
936 1825 2953
933 2029 2633
414 1001 2113
2201 2286 2879
2029 2022 2633
804 1902 2948
27 29 2003
1769 1403 2050
2319 2548 2957
1462 1893 2812
226 227 438
2530 1915 3289
1143 1207 2536
1001 1963 2113
1928 1486 1970
2548 1691 2957
1666 521 1975
2579 1519 3025
2080 151 2778
1481 1691 2548
447 1843 2110
1842 1804 2205
1023 1950 1952
174 175 1909
1708 1877 2771
1807 2427 2437
337 1926 2361
1453 2012 2027
1063 2607 2942
2596 2762 3083
246 247 2415
932 2657 2722
1211 2736 3186
1481 2548 2742
1926 337 3014
1350 1302 2027
1807 2437 2967
2657 1921 2722
2094 1143 2536
97 98 1549
219 221 1729
681 682 2154
1613 1919 2235
2678 2314 2787
1378 88 2104
28 29 27
2023 1521 2907
1961 437 1962
1522 2022 2029
1771 1961 2956
892 1928 1929
119 120 1492
2704 1541 3018
1108 2040 2042
31 2885 3008
850 897 2017
1757 1605 2595
142 143 1933
1970 1486 1971
17 18 2707
2143 2142 2822
1689 1944 3041
1370 2228 2362
1610 1611 2059
2285 407 2286
30 31 2003
2885 1973 3008
2849 1599 3003
236 237 1867
1262 1888 3018
2086 1652 2692
114 116 2676
1910 1201 2108
2148 1021 3174
1687 2519 2598
2050 1403 2425
1944 1689 2163
1877 1708 2892
2202 1770 2267
892 24 1928
1917 1422 2023
1439 100 2796
1891 1176 3208
2285 2287 2508
517 2131 2132
2802 763 2856
721 2888 2906
1436 1045 2486
2287 1233 2508
407 2285 2508
2736 1920 3186
1985 340 2379
94 804 2948
1185 1873 1874
1487 2623 3288
58 59 1662
192 2026 2930
1233 2287 2288
2020 995 2021
174 1909 2256
987 2482 2532
1201 1910 2109
115 116 114
1233 2288 2672
29 30 2003
1939 352 2035
1888 2704 3018
1961 1771 2795
7 8 2951
121 122 254
2086 2692 3220
2350 2211 2465
8 1472 2951
2154 2153 3004
2807 2077 2961
2320 1958 2540
129 130 1816
2008 1182 2773
2153 2695 3004
446 2180 2204
2000 926 2001
2738 1418 2790
1845 2579 3025
2059 1611 2101
336 2350 2465
2482 1937 2532
763 2438 2856
2996 2655 3013
2763 1230 2845
2575 2262 2831
26 27 1972
1577 2073 2641
1921 336 2465
1865 2149 2150
1108 2042 2506
236 1867 2097
1855 1711 2112
2081 758 3026
2058 2081 3026
1141 1128 2332
1302 1453 2027
200 201 343
1640 1493 2155
897 1069 2017
1979 1449 2808
2286 407 2879
344 1937 2482
1711 1855 2966
375 2002 2876
2316 2442 2443
2275 281 2569
2022 1522 2156
1495 2530 3289
401 414 2113
166 521 1666
2781 1908 2875
336 1921 2657
2197 1757 2595
1487 2152 2623
1187 2018 2425
2021 995 2063
15 16 1798
1984 1626 2447
2180 446 3068
1919 1613 2790
1545 1765 2071
1401 1230 2763
2386 2781 2875
2703 1323 3100
1890 1891 3208
1893 1462 2101
2291 2883 2992
1499 2882 3123
1662 59 2917
22 23 1938
2072 2008 2773
1614 1969 3340
2959 2836 3098
2883 1931 2992
489 2009 2073
2888 1826 2906
1842 2205 3232
150 151 2080
226 438 569
1250 2749 2982
196 197 2004
2211 938 2212
1999 1367 2142
938 2211 2350
1637 1918 2507
179 180 1943
2882 1922 3123
2221 2220 2782
1813 2996 3013
2438 1699 2856
1176 1891 2741
1869 2620 3103
165 1666 2940
175 176 1909
2026 2004 2083
22 1938 3052
1615 1932 2595
77 78 2857
2109 1578 3062
45 46 1499
2152 1487 2695
1649 12 2094
1932 1615 2596
2150 2148 3174
2182 428 2847
95 96 2045
2620 1595 3103
142 1933 2931
2206 2375 2451
437 1961 2795
1699 2438 2840
116 117 3011
200 343 761
2316 2443 2787
2607 1821 2942
1918 1637 2800
2402 1811 2696
2182 2128 2839
255 1494 2808
2002 375 3092
1902 804 2801
1943 2109 3062
1969 1614 2069
2029 933 3334
435 1044 2814
2138 1269 2541
1923 1699 2840
1418 2087 2790
1888 1262 3177
1963 1001 2114
200 761 2074
1937 344 2540
1181 1662 2095
1915 2530 2985
1806 2221 2782
2938 311 3075
2799 1041 2892
2083 2004 3070
1997 1766 2162
1493 1729 2155
149 150 2080
244 245 3299
337 283 2275
1526 2095 3104
54 55 1676
1045 910 2486
1929 2694 2889
2591 2388 2911
1830 2703 3100
745 681 2154
1298 2807 2961
1741 1669 2299
1796 2103 3038
1083 2916 2935
2110 1843 2977
763 2802 2832
916 2715 2789
1932 2596 3083
610 612 2312
2136 1269 2138
1021 2148 2494
1699 1923 2860
2153 2152 2695
475 2024 2025
1865 2150 2838
1491 2329 2331
2677 1432 3240
2103 1796 3074
2228 1370 3221
1863 2849 3003
1034 2838 3174
2674 2371 2734
1812 91 1902
1930 1929 2889
1990 1502 3205
2623 1978 3288
11 12 1649
1652 2086 2452
222 223 1814
164 165 2940
1678 1676 2112
1852 1577 2641
1157 811 2156
1350 2027 2084
2802 2138 2832
1676 55 2112
1023 1952 2667
1892 1856 2652
157 2530 3277
635 2310 2311
2916 1850 2935
995 2020 2156
1675 1853 2728
517 2132 2133
1502 1990 2985
472 469 2322
1972 2003 3008
2128 2760 2791
2760 2186 2791
1856 1892 3208
1994 1908 2711
1583 1585 2425
249 447 2110
2128 2182 2760
2095 2096 3104
2037 2938 3075
159 160 2632
270 272 2306
1893 1793 2812
2056 1098 2914
179 1943 3062
2007 77 2857
1402 1274 2061
1981 3088 3199
2088 1135 2468
926 2000 2002
2142 1367 2822
2730 3003 3072
2187 353 2188
2228 2225 2605
987 2532 2833
2800 1636 3259
1575 2540 2863
2838 2150 3174
2026 192 3226
1637 1636 2800
72 73 2277
2301 1668 3025
448 2038 3075
64 65 1526
1906 1614 3340
2734 2371 3241
2012 1768 2013
1703 1979 2808
1671 2088 2468
2075 2304 2823
1537 2567 2994
682 990 2154
888 2963 2997
1983 1609 2677
50 916 2789
3088 767 3199
2329 1491 2332
2314 2316 2787
178 179 3062
3003 1778 3072
1816 130 2952
2066 908 2067
1561 2458 2844
1320 2303 3056
2188 353 2306
632 2678 2787
2963 1841 2997
2711 1908 2781
2288 779 3211
1004 2575 2831
779 2288 3249
927 2143 2822
1770 2202 2795
199 200 2074
1381 2384 2388
2970 1262 3018
16 20 3128
2749 2134 3113
160 161 2632
987 2833 3187
35 1211 2984
63 2096 2918
224 225 1814
1810 41 2813
2317 2309 2419
2519 1687 2719
544 546 2068
13 14 518
2157 2031 3007
1250 2242 2749
2373 1799 2768
2071 1765 2946
635 2311 2312
1472 9 2081
1333 2955 2980
1402 2061 2069
2179 2180 2583
1605 1615 2595
1950 1023 3050
2006 1519 2579
1781 2070 2789
489 2073 2921
88 89 2104
764 1316 2736
2097 1582 2660
1031 1340 2140
1813 1895 2996
2996 1895 3183
1098 2380 2914
2728 1853 3119
2384 1381 2387
2266 2746 2971
195 196 2004
2004 197 3070
1825 2397 3246
1181 2095 2966
2054 1350 2084
1706 2016 3301
2567 1537 2976
2790 2087 2859
2115 2114 2650
352 1941 3022
1274 2011 2061
877 95 2045
498 47 2070
2987 1200 3071
2337 1337 3331
2009 489 2806
1128 1460 2332
2281 1313 3275
217 218 1449
1709 2134 2749
4 5 1873
994 1991 2958
43 435 2814
1708 2799 2892
307 305 2229
344 2320 2540
2267 1770 3118
1973 2885 2984
2031 2157 3278
20 21 3128
2001 926 2821
2051 1652 2452
2817 393 2843
1979 1703 2807
2342 2343 2819
40 41 1810
3202 206 3337
133 134 2785
2024 475 2323
1928 1970 3263
1549 98 1834
2989 2669 3151
802 1541 2704
80 81 402
2929 620 3043
1579 2039 2058
2067 908 2111
2046 1511 2643
1991 994 2626
1558 1881 3244
1511 2046 2980
2833 1581 3020
1881 1558 3266
9 10 2081
2027 1630 2084
223 224 1814
1333 209 2053
1999 2142 3273
1825 1795 2953
2073 1577 2921
157 158 2530
2014 2013 3209
1442 2078 3156
2011 1638 2061
2030 1258 2031
1491 1141 2332
2093 1706 3301
2106 2402 2696
1816 2644 2776
2299 1669 3049
475 2025 2322
2143 927 2473
2677 1949 3055
2979 288 3187
1403 1187 2425
3122 1420 3133
1766 1997 2739
1946 2987 3071
1043 2186 2602
2088 2817 2843
1674 1348 2619
1521 2023 3172
433 2115 2650
222 1814 3251
1449 218 3230
1960 1611 3002
1910 1442 3156
2801 1204 3183
2070 49 2789
1895 2801 3183
2114 1001 2650
2142 1560 3273
1869 2619 2620
67 68 1274
549 2034 2505
1626 1782 2447
2218 2979 3187
340 1985 3152
1985 2379 2775
1955 3122 3133
765 1989 3205
2598 2519 3140
2362 2228 2936
2762 1831 3083
2859 896 3126
753 2198 2233
1211 36 2736
2259 1730 2347
2084 1630 2322
1494 1703 2808
1240 2206 2451
232 1422 1917
130 131 420
908 2066 2068
1843 2557 2977
2186 2167 2602
90 91 1812
1989 765 2998
2205 1804 2687
127 128 2652
1208 2051 2452
2387 1381 2588
482 319 2395
2018 1187 3166
1822 1582 2097
1449 1979 2546
1872 1313 2281
2768 1799 3052
2607 1063 3024
143 144 1933
2157 1520 3278
740 719 2063
880 877 2044
2618 1674 2619
2178 2182 2847
2115 433 2356
1814 225 3195
1964 992 3082
1668 1845 3025
2464 2751 2912
811 995 2156
121 254 565
584 1980 2803
498 2070 2934
1962 437 3190
614 616 2543
251 252 3012
2304 1310 2823
163 164 365
2131 517 2798
995 740 2063
420 131 979
992 1964 3116
1609 1983 2676
1626 1984 3279
2216 2389 2870
1844 2478 2914
2038 448 3089
612 635 2312
2375 2206 3112
2179 2583 3112
1914 2836 2959
469 475 2322
2095 1662 2096
2062 2387 2588
1320 1965 3275
2013 2028 3209
2388 2384 2911
24 25 1928
1965 1320 3056
2 2116 2944
1611 1960 2881
1337 2585 3331
1079 14 1798
2746 1797 2971
82 83 1590
1078 2313 2314
2134 1709 2282
2015 1536 3046
1078 610 2312
2930 2026 3153
1961 1889 2956
37 764 2736
1595 2620 3106
402 81 862
1980 584 2973
1757 2197 2645
1350 2054 2158
2935 1850 3087
428 2182 2839
990 2055 2153
546 908 2068
2011 69 3222
125 126 1856
3056 2303 3321
1522 1157 2156
1909 3148 3216
1919 2790 2859
272 932 2306
1492 120 1772
2478 1801 2914
3034 1715 3110
2893 322 2923
45 1499 2827
2198 2196 2233
2089 1828 2572
1301 2317 2419
2981 2955 3000
1348 1623 2619
2256 1909 3216
2878 781 2896
170 2049 3323
1599 1778 3003
2343 1423 2819
1709 1349 2282
1850 2904 3087
1965 2281 3275
2018 1583 2425
1526 65 1527
891 1852 2981
1337 2337 2663
1 2 2944
1938 1930 2768
147 148 1367
231 232 1917
2955 1833 2980
1816 2776 3217
165 166 1666
56 57 1855
1353 2072 2773
1958 2320 3231
2045 96 3333
2540 1958 2863
1486 26 1972
2096 63 3104
3 4 881
1983 2677 3240
131 132 2538
353 270 2306
247 1846 2415
2137 1714 2231
3007 2031 3283
2605 2225 3138
1992 3137 3161
2016 1809 2239
151 152 2778
1505 2989 3151
2010 730 3045
1585 2050 2425
1630 472 2322
1977 498 3235
2067 2111 2280
12 13 2094
1459 2089 2572
498 1977 2882
2044 877 2045
1713 2090 2231
123 124 1176
916 2151 2370
2606 1513 2720
2355 2356 2777
104 105 2665
2131 2122 2132
108 109 3081
1877 1416 2771
754 2079 2411
1208 1536 2794
1333 2980 3267
1916 2929 3043
448 307 2229
2024 2323 2637
1982 2019 3099
2492 3051 3181
2079 754 2410
2458 2068 2844
101 1974 2796
2057 2201 2879
2203 2159 2240
2159 1363 2240
2825 2343 2851
1978 1780 3288
892 1929 1930
1078 2312 2313
240 241 2222
43 44 435
2217 2833 3020
560 2825 2851
23 892 1938
2262 2575 3134
2577 2411 2731
2102 1268 3175
1737 2549 2550
1730 2259 2906
2768 1930 3121
1729 221 1935
3051 2443 3181
1971 1486 1972
850 2017 2867
73 1418 2277
2213 345 2214
2087 896 2859
2105 984 2107
1491 2331 2662
169 170 3323
2055 990 2766
187 188 1310
1832 2708 2968
2034 549 3197
1536 2015 2943
1590 83 3114
1828 2089 2573
206 207 3337
34 35 2984
2296 1461 2502
1532 1992 3161
427 2573 3269
1943 180 3019
2311 2309 2317
2557 1843 3206
2860 1923 2925
730 2010 3130
1269 2136 2788
1971 1972 1973
896 2007 3126
1550 2203 2240
1916 3043 3158
1901 2423 2898
82 1590 1936
2474 2146 2735
191 192 3067
248 249 2110
2794 1536 2943
813 2600 2887
2019 1982 3028
2159 2158 2513
2226 2228 3221
1923 1924 2925
83 84 3114
1694 199 2074
2020 2022 2156
2057 393 2817
1584 2062 2588
252 2687 3012
2025 2054 2084
63 64 3104
1674 2618 2621
544 2068 2458
2252 2560 3306
2978 308 3006
1990 2913 2985
241 242 2222
2051 1208 2794
2474 2869 2919
927 2421 2473
1185 1874 2039
1436 2486 3120
2025 2084 2322
916 51 2151
2329 2332 3312
48 49 2070
1811 2402 3040
2330 2329 3312
2082 1624 3153
1363 2159 2513
1974 101 3144
2920 2539 2969
1584 2018 2761
512 526 2358
76 77 2007
2113 1964 3029
2887 2600 3165
2308 2310 2809
1769 2050 2811
1780 1978 3235
1296 1134 2621
3080 2005 3145
482 2238 2489
2196 2232 2233
1552 2080 2778
2315 2313 2317
109 110 1875
1021 2494 2723
36 37 2736
2238 2099 2489
1253 2354 2355
1892 1890 3208
1981 1980 2973
2158 2054 2513
1821 1582 1822
1367 1999 3017
2196 2199 2232
319 317 2395
44 45 2827
447 250 1804
2094 13 3313
2072 1353 2641
503 2749 3113
2062 1584 2761
1238 2591 2911
2323 923 2637
2356 433 2777
209 210 2053
2183 2184 2728
2039 1579 3203
1031 1028 1340
1264 2474 2735
804 877 879
2229 305 2933
2164 1732 2243
2220 1437 2782
1349 1068 2520
2567 1887 2994
2751 1777 2912
171 172 2988
2621 1722 2689
2166 2169 2183
2407 1702 2409
879 877 880
2389 2216 3261
2141 1724 2372
67 1274 1382
1518 2278 2279
2085 3034 3110
237 238 1867
2061 1969 2069
1268 2102 3058
1029 1028 1031
181 182 2991
1757 2645 2764
1468 3080 3145
2869 1087 2919
377 2164 2243
2038 2037 3075
1422 1582 1821
435 44 436
1836 3158 3331
1463 1986 1987
941 880 1028
2407 2408 2510
1763 2019 3028
635 614 2543
2606 2720 3242
2687 1804 3012
2138 2541 2832
2980 2047 3267
1836 1916 3158
215 489 2921
52 53 256
1678 2112 3159
1614 1627 2069
2121 1330 2130
2278 1518 3276
616 1190 2543
1509 2135 2136
1714 1713 2231
1981 2973 3088
2692 1501 3220
941 1028 1029
2021 2063 2064
104 2665 2937
2165 2166 2183
2280 998 2617
2409 1702 2410
881 4 1185
1819 2680 3194
1509 1024 2135
2201 1566 2286
1842 2648 3206
3029 1964 3082
1587 1982 3099
1702 2407 2510
1134 1722 2621
2708 1832 3292
393 2057 2879
2409 2410 2675
3061 870 3137
2380 1844 2914
947 949 2357
1668 2301 3049
2833 2218 3187
68 69 2011
1642 1975 3009
2197 2191 2645
212 213 891
2090 1414 2231
2968 1538 3059
1274 68 2011
761 343 915
1901 2898 3234
173 174 3010
2682 1173 2748
2645 2198 2764
1831 2512 3083
94 95 804
163 365 1693
2070 1781 2934
2219 1319 2340
1997 2162 3180
1991 1904 2958
2117 849 2495
10 758 2081
187 1310 2303
2253 1826 2888
240 2226 2960
1935 222 3251
2270 2276 2699
2494 1635 2723
1719 2475 2499
670 2118 3318
2067 2280 2617
3168 2853 3169
1595 1532 3103
232 233 1422
1316 1920 2736
1033 1031 2140
2130 1330 2200
1330 1206 1331
2064 2878 2896
1862 2893 2923
2408 2456 2510
1929 1928 3263
1422 1821 2023
2111 711 2280
2981 1852 3184
1865 3149 3193
2338 641 2416
649 647 2433
2310 635 2543
2484 1379 2528
1041 1140 2892
2120 1309 2580
2185 2167 2186
1327 2209 2210
228 229 502
158 159 1502
2016 2239 3301
2282 1349 2520
1258 2030 3334
111 112 1432
353 2187 2793
2039 1874 2058
1205 1033 1206
2273 2275 2569
139 1092 2589
2560 2252 2900
819 2199 2418
1422 233 1582
166 167 521
2253 1279 3108
2468 1561 2844
242 243 1421
2098 1733 2099
2122 2121 2132
2489 2099 2698
3164 1661 3173
1205 1330 2121
483 512 2358
1253 2355 2358
188 189 1624
228 502 1463
1463 1489 1986
1242 2577 2731
1402 2069 2700
1724 2141 2327
1463 502 1489
1205 1206 1330
1902 91 2948
556 547 2788
2099 2164 2698
1327 2208 2209
2048 3164 3173
1846 248 2110
1279 2253 3306
768 770 2344
1339 199 1694
1032 1031 1033
2069 1627 2700
2091 1242 2731
1568 1963 2114
1936 1590 3007
2410 754 2675
2167 1030 2602
705 642 2291
2223 1421 2224
1982 1587 3264
235 236 2660
304 434 2189
2411 2079 2731
226 569 1235
1462 2059 2101
1238 2386 2875
1333 2053 2955
2223 2224 2225
2337 2336 2663
952 954 2653
41 42 2813
2386 1238 2911
1773 2682 2748
1619 2146 2469
1802 2055 2766
2107 527 3069
118 119 1609
2881 408 3248
1575 1937 2540
883 737 2743
2225 2224 2227
138 139 878
1882 2567 2976
1570 2368 2551
1844 2380 2962
1784 2954 2964
1079 1798 1799
1837 2850 2866
3103 1532 3161
526 1253 2358
451 754 2411
1925 2978 3006
1994 427 3269
1992 3061 3137
447 1804 1842
1620 1349 1709
1567 1568 2114
685 558 2163
154 2959 3098
2585 1836 3331
924 2334 2335
2165 1030 2166
89 90 387
1610 2059 3243
1315 1314 2160
1098 2056 3268
335 451 2411
2368 985 2551
940 941 2165
420 979 980
1457 3132 3194
1701 2079 2410
2354 1253 2357
650 2300 2432
1724 1459 2572
1803 2905 3047
2118 670 3030
842 1208 2452
1733 1732 2164
194 2004 2026
2222 1421 2223
42 43 2813
2183 2169 2184
161 162 765
155 156 1495
691 1550 2555
1478 2974 3033
2140 1340 2974
2611 1754 2640
1253 947 2357
1029 1031 1032
38 39 2339
2310 2543 2809
2221 1806 2873
941 1030 2165
201 202 1995
1986 1489 2139
1382 1274 1402
2385 1572 2559
3021 2538 3192
1024 799 2135
2850 1210 2866
2212 938 2213
2955 2053 3000
198 199 1339
1327 2210 2340
2913 1915 2985
557 711 2111
940 880 941
247 248 1846
69 70 3222
924 2333 2334
1394 1566 2436
2210 2219 2340
109 1875 2750
980 979 2236
66 67 680
2166 1030 2167
2168 2167 2185
1743 2872 3001
2344 2342 2819
1834 98 3236
1242 2091 2725
1499 46 2882
249 250 447
1702 1701 2410
2303 1310 2304
2026 2083 3153
2077 1725 2961
2136 2135 2788
2046 2047 2980
2003 31 3008
2017 1772 2867
2163 1689 3045
879 880 940
2573 2089 3269
1037 1033 1205
2190 2191 2197
31 32 3224
1437 2255 2854
2081 2058 3084
2537 2538 3021
1373 1076 2190
2013 1768 2015
1484 2034 2230
1327 1142 2208
1566 2201 2436
329 327 2592
2016 1706 3245
2186 1043 2791
3101 1824 3139
2335 2338 2416
2276 970 2699
1418 74 2087
2573 427 3196
1545 2071 2889
1373 2190 2197
733 1167 2207
2549 1737 3050
1241 1205 2121
2596 1615 2702
878 139 2589
1586 1829 2187
70 71 3222
1509 2136 2137
646 2290 2291
449 2385 2559
2090 1713 2767
1975 1642 3280
1318 1315 2160
2905 1490 3047
2300 1736 2432
2063 719 2753
518 14 1079
975 1036 2388
949 952 2357
2187 1829 2793
1550 2240 2555
2475 1719 2528
527 2107 3170
387 90 1812
2618 1296 2621
1541 1578 2078
2871 2145 2894
89 387 1520
1089 1350 2158
1036 1381 2388
758 11 1649
60 61 2918
2019 1763 3250
228 1463 2858
2203 1550 2412
990 2153 2154
1028 880 2044
1215 940 2165
2872 878 3001
1406 1847 2547
1802 2766 2905
2597 2598 2831
1323 2220 2221
2198 753 2764
2144 2145 2871
1798 16 3128
654 2400 2507
2199 819 2232
1293 1068 1349
1843 1842 3206
784 844 2580
1137 1027 1408
2298 1731 2299
2064 2063 2753
2327 2141 2363
642 646 2291
2132 2130 2133
242 1421 2222
2147 2148 2149
1993 1531 2472
1722 2514 2689
1330 1331 2200
768 2344 2710
427 1994 3310
737 649 2433
1079 1799 2373
2259 721 2906
2314 2313 2315
898 851 919
2149 2148 2150
153 154 3098
1520 3013 3278
2349 2327 2363
1323 1105 2220
1135 2088 2843
829 805 2506
1822 2097 2941
737 2433 2743
988 2611 2640
1032 1033 1037
1714 2802 2856
302 304 2189
2121 2130 2132
2813 2814 3015
3007 1590 3182
1142 1271 2208
2257 2484 2528
2178 2177 2182
1113 2596 2702
1175 2341 2342
843 756 2469
1525 1089 2158
1640 2155 2904
2560 1279 3306
979 131 2538
2078 1442 2970
450 332 2326
1765 1318 1766
1048 1024 1414
1995 202 1996
1531 1247 2472
1092 1247 1248
208 209 1333
2146 1619 2735
2211 2209 2465
50 51 916
548 557 2111
1541 177 1578
2124 2122 2131
2092 2920 2969
1248 1531 1532
1997 1899 2739
1379 2475 2528
350 265 2267
1414 1024 1509
168 169 1419
10 11 758
2372 1724 2572
2660 1582 3335
766 827 2392
215 216 489
1856 126 2652
39 40 1810
924 2335 2416
2456 2408 2475
2 3 408
1973 1972 3008
2147 1667 2148
1215 2165 2183
515 1944 2163
770 1175 2344
1671 2468 2844
998 999 2283
1589 3209 3225
1414 1509 2231
2176 2177 2178
783 733 2207
2180 2174 2204
1587 2187 2188
1865 1864 3149
2200 1618 3253
1887 3270 3294
872 1540 2255
564 562 2260
2035 352 2938
2130 2200 3253
1248 1247 1531
2234 1200 2394
2357 952 2653
2461 1405 2658
1766 1318 2160
565 723 724
835 799 1024
265 263 2267
809 1198 2305
1656 1414 2090
924 628 2333
2701 1016 2714
2160 1314 2161
402 862 884
1309 784 2580
1826 2253 3108
1555 1904 1991
804 95 877
1729 1935 3060
2214 345 2215
1204 940 1215
2254 922 2324
2210 2209 2211
2284 2285 2286
694 695 703
1553 1554 1555
1037 1205 1241
1052 1345 2348
1952 1954 2667
23 24 892
1137 1408 1446
756 1619 2469
1555 1554 1904
2368 2367 2712
1550 686 2412
1933 145 1999
1241 2121 2122
2137 2136 2138
2495 849 2638
210 211 2053
1847 2297 2547
1361 1567 2544
651 2328 2329
2341 1175 2345
646 648 2290
2176 2171 2177
721 609 2245
1461 2296 3036
2244 2254 2324
654 586 2400
266 265 267
264 263 265
262 261 263
2166 2167 2168
1649 2094 2536
1203 1394 2436
1680 1684 2263
2298 982 2498
1559 2142 2143
1587 1586 2187
260 259 261
2196 2194 2199
1139 1138 1371
1821 1822 2942
2160 2161 2162
2164 377 2698
73 74 1418
304 306 434
2205 1401 3232
264 265 266
262 263 264
515 500 1944
1570 2366 2368
260 261 262
2491 2492 2509
2475 2408 2499
1151 911 2664
651 633 2328
1731 2298 2498
1076 1074 2190
1019 872 2255
1248 1532 1595
1371 1586 1587
1963 1964 2113
25 1486 1928
1849 2269 2654
647 2432 2433
586 588 2400
1265 1667 2147
799 738 2135
2236 979 2537
1551 1910 2108
2422 2325 2453
2193 2192 2194
266 267 268
1852 2641 2990
1832 2968 3059
2326 329 2592
1345 2674 2733
2083 2082 3153
461 471 2237
258 256 259
306 307 308
1007 1138 1139
1551 2108 2120
2261 1657 2262
651 2329 2330
308 309 310
387 1812 1813
1265 1266 1500
268 267 269
827 1178 2649
113 114 1983
2045 1549 2826
1566 2284 2286
1198 1626 2305
1410 1484 2230
2767 1324 2909
562 674 2260
1497 1754 2302
258 259 260
628 630 2333
2172 2171 2176
892 1930 1938
851 766 2392
1532 1531 1992
2269 1062 2654
1754 2241 2302
898 919 1109
694 693 695
310 311 312
547 1269 2788
213 214 1577
914 302 2189
1382 1402 1800
2619 1623 2620
1309 2120 2669
1207 2147 2149
1717 2701 2714
2023 1821 2607
998 2283 2617
817 1007 2289
2 408 2116
2170 2168 2171
966 2349 2363
1009 842 2452
1665 1664 1921
1639 2307 2308
1567 2114 2115
308 307 309
1132 980 2236
1251 1390 2301
1275 1657 2261
25 26 1486
47 48 2070
128 129 1816
641 624 2416
1684 1962 2263
1220 1217 2264
136 137 2999
2193 2194 2196
565 254 723
1092 1184 1247
2191 2192 2193
1566 1396 2284
1342 1664 1665
1286 2706 2730
684 558 685
1567 2115 2544
310 309 311
1446 1556 2093
269 267 2397
2324 450 2326
2335 2334 2336
2366 1570 2369
1801 1800 2056
332 329 2326
447 1842 1843
1105 1103 2220
1007 1351 2289
931 820 1133
1749 1389 2266
2370 1514 2371
1525 2158 2159
2115 2356 2544
1011 2381 2737
268 269 270
2333 2330 2334
817 1006 1007
757 710 819
2392 827 2649
1175 2342 2344
218 219 255
261 437 2202
558 515 2163
371 369 372
1196 1497 2302
2170 2171 2172
609 607 2245
1665 1921 2465
684 685 729
270 269 271
922 2254 2325
312 311 313
1289 1498 1645
1265 1500 1667
959 2351 2352
1444 1246 1487
904 1365 2307
1446 1408 1556
1405 1447 2518
1331 1206 1478
546 548 908
1351 1139 2019
1372 1076 1373
805 1108 2506
2284 1634 2285
304 305 306
1068 898 2520
1007 1006 1138
639 705 2265
2092 888 2920
1207 1188 2147
936 269 2397
2172 2176 2204
2099 1733 2164
2883 1351 3250
1963 1827 1964
186 187 3272
2244 2324 2326
2386 2385 2781
2098 2099 2238
1645 1498 2057
1057 1442 1551
1551 2120 2580
1779 1009 2086
2191 1132 2192
2335 2336 2337
327 377 2592
670 669 671
57 58 1181
306 305 307
1048 1414 1656
1687 1686 2719
1509 2137 2231
1074 980 1132
2210 2211 2212
1096 1202 1289
2265 705 2774
1558 747 2318
123 1176 2741
120 121 3200
1331 2033 2200
1319 1127 2340
1766 2160 2162
2857 78 3260
1771 1770 2795
692 693 694
993 398 2476
550 676 2451
75 76 896
1568 1827 1963
1896 1438 2797
1289 1202 1498
925 277 2292
1553 1410 1554
835 1024 1048
1136 1027 1137
1372 1373 1932
1567 1362 1568
672 671 698
2002 2000 2759
1660 1456 1815
302 303 304
695 808 809
1167 689 2630
2335 2337 2338
2325 2254 2453
633 636 2328
457 460 2424
2182 2177 2760
517 2133 3179
2557 1436 2977
2430 476 2455
1398 1634 2284
270 271 272
261 259 437
2085 1880 3034
144 145 1933
602 2268 2485
2307 1365 2308
1361 1362 1567
1107 1105 1323
2040 1108 3255
1613 2235 3218
3132 2139 3194
1342 1343 1664
478 568 2257
1208 841 1536
652 615 2347
928 1508 1538
139 140 1092
1074 1132 2190
959 960 2351
744 745 817
2090 2767 2909
925 2292 2295
2195 2236 2537
2383 1572 2385
2190 1132 2191
842 841 1208
1271 1342 2208
617 652 2550
1181 58 1662
347 348 349
342 346 347
344 298 2320
1077 1076 1372
339 341 342
1103 1437 2220
703 695 2305
1103 1100 1437
695 809 2305
2208 1665 2209
1188 1265 2147
2257 568 2484
334 338 339
1254 1506 1776
2994 1887 3294
1620 1709 2242
5 6 1873
1013 904 2307
2194 2195 2681
1195 977 1431
2325 2422 2430
1690 1431 2146
1459 1907 2089
2179 2174 2180
2662 2331 2774
1067 829 2506
1292 1644 2381
101 102 3144
1361 1170 1362
1225 1123 2389
1078 2314 2678
263 261 2202
757 819 820
1659 1428 1880
1738 2341 2345
2382 1572 2383
1948 1772 2017
2146 1431 2469
1163 1311 2369
1293 1349 1620
1895 1902 2801
221 222 1935
263 2202 2267
100 101 2796
1481 1431 1690
2169 2168 2170
747 735 2318
576 578 584
349 355 356
674 928 2260
1634 1871 2287
2492 2043 2509
2269 2270 2699
1169 1170 1361
1251 1111 1390
802 177 1541
289 935 2379
744 817 2289
2428 961 2488
1217 1131 2264
299 297 926
1200 861 2394
1100 1019 2255
1417 1416 1877
1586 1764 1829
665 2533 2587
1075 1074 1076
1239 1458 1459
651 2330 2333
366 1196 2302
2194 2192 2195
1089 1302 1350
2383 2385 2386
1008 842 1009
695 693 808
1169 967 1170
841 783 2207
2295 2293 2296
1394 1396 1566
1186 1107 1187
285 337 2361
2052 1752 2668
310 312 331
1198 1199 1464
304 303 305
2712 2367 2744
1820 1819 3194
897 851 898
869 1054 1089
1576 2428 2488
919 851 2392
1106 1105 1107
1919 1880 2235
371 372 378
2598 1004 2831
1389 1219 2266
463 461 2237
1538 1508 1894
2312 2311 2313
2292 2293 2295
2185 2186 2760
1257 1285 1406
636 2265 2328
2174 2172 2204
1127 1129 2340
928 1538 2260
2701 1717 2853
1432 3055 3185
2512 1831 3213
1300 1251 2301
670 671 672
1572 989 2559
611 721 2259
1738 2345 2346
312 313 314
966 969 2349
2663 2336 2928
691 686 1550
464 463 465
629 687 2575
2561 1226 2562
280 938 2350
668 669 670
2355 2353 2356
2342 1791 2343
2328 2265 2331
1459 1458 1907
1092 140 1184
466 465 467
1077 1372 2512
977 843 2469
335 2411 2577
630 651 2333
610 609 611
1568 1569 1827
126 127 2652
1299 1543 1979
859 1226 2561
1198 861 1199
607 937 2245
1131 1558 2264
954 959 2653
674 731 928
612 611 613
1626 1464 1782
608 607 609
356 366 367
1423 2343 2825
671 753 2233
693 691 2555
548 556 557
2412 729 2522
1932 1373 2595
844 1057 2580
478 481 568
272 271 273
1548 2234 2394
722 1163 2369
2125 2124 2129
2128 2127 2839
998 815 999
568 683 702
1002 1572 2382
369 367 2241
484 939 2401
1129 1327 2340
1556 1736 2300
1551 1442 1910
735 1305 2318
1396 1398 2284
791 1012 2346
1382 1800 1801
869 1089 1525
1271 1341 1342
702 683 735
809 808 860
776 791 2346
963 967 1169
300 302 914
2325 2430 2455
702 735 747
303 301 375
330 333 334
275 295 2292
1406 1591 1847
624 626 2416
2285 1634 2287
772 774 2345
1782 1464 1807
726 712 788
1633 1441 1639
2309 1365 2419
2308 1365 2309
1592 2504 2625
820 819 2418
1559 2143 2472
309 307 448
1236 1237 1239
659 660 2360
339 342 560
1219 1220 2266
1371 1557 1586
267 265 350
761 915 1172
378 379 381
559 684 686
2504 857 2625
381 384 385
611 609 721
1131 747 1558
467 465 2323
2075 2074 3066
1175 772 2345
474 478 2257
809 860 861
2479 2250 2531
2144 560 2851
2341 1791 2342
789 846 869
861 860 2394
1219 1217 1220
1239 1237 1458
1195 1431 1481
826 1082 1294
2406 845 2407
1104 1103 1105
464 466 2499
2318 1305 2319
636 639 2265
648 647 649
1739 1791 2341
607 605 937
1631 1851 2281
1153 1009 1779
1161 1548 2394
1390 2298 2299
839 841 842
1007 1139 1351
1398 1546 1634
1311 2366 2369
1161 1364 1548
559 558 684
839 783 841
377 325 2698
724 762 766
1497 1696 1754
2352 1542 2353
602 2491 2509
2314 2315 2316
2308 2309 2310
1748 1749 2091
568 481 683
999 1096 2283
2171 2168 2185
328 2894 2908
639 642 705
613 611 2259
1111 982 2298
809 861 1198
1437 1100 2255
2401 939 2402
2177 2171 2185
2123 2122 2124
999 1091 1096
2345 774 2346
1101 1100 1103
879 940 1204
582 585 767
1748 1389 1749
1254 1776 2413
1170 2141 2372
2733 2674 2734
958 950 2374
340 291 2379
452 450 2324
1239 1724 2327
950 948 2374
972 1081 1236
733 689 1167
1861 1859 2403
1123 1125 2389
1096 1097 1202
385 386 390
1548 1364 1601
2356 2353 2544
726 815 998
1481 1690 1691
1663 958 2374
1487 1246 2695
1390 1111 2298
1342 1665 2208
390 391 393
1133 820 2418
1692 2390 2477
377 2243 2592
302 301 303
1756 2448 2521
708 780 781
516 558 559
1638 2011 3222
686 684 2412
1739 1790 1791
726 998 2280
495 507 2458
1129 1142 1327
1776 1506 1777
2246 2248 2253
2406 2407 2409
774 776 2346
603 2479 2531
1860 1859 1861
1749 2266 2971
460 2406 2424
2826 1834 2974
1992 1531 1993
2013 2015 2028
1671 1647 2088
508 550 2451
455 457 2424
275 273 295
339 338 341
465 923 2323
648 744 2290
285 283 337
954 956 959
1545 1318 1765
522 1570 2551
342 341 346
1130 747 1131
347 346 348
1714 2137 2802
2358 2355 2777
935 287 2361
1650 958 1663
2448 667 2521
727 678 2500
334 333 338
588 2378 2400
1236 2327 2349
277 275 2292
1239 1459 1724
2245 937 2246
1071 854 2278
2292 295 2293
692 691 693
711 726 2280
710 698 2232
1548 1601 1603
271 936 2391
1855 1181 2966
1561 495 2458
1696 1697 1698
336 278 2350
1216 1131 1217
1134 1133 1722
279 277 925
1942 1477 2396
1601 1602 2024
544 545 546
300 301 302
312 314 2450
1477 1280 2396
2533 1752 2587
1536 841 2207
698 671 2233
915 343 1324
516 515 558
1072 859 2561
1775 1071 1934
2287 1871 2288
1236 1081 1237
465 463 923
501 500 515
1109 919 1212
1218 1217 1219
278 280 2350
969 972 2349
501 515 516
676 1240 2451
402 884 885
1614 1177 1627
999 815 1090
1523 1522 2029
1497 1695 1696
739 800 2609
291 289 2379
653 722 2369
1921 1664 2722
2366 2365 2367
819 710 2232
887 807 888
975 2388 2591
2351 1542 2352
254 122 561
2354 2353 2355
630 633 651
1433 1088 2103
293 291 340
1236 1239 2327
593 1232 2378
669 667 2448
1196 1496 1497
1099 1019 1100
1441 1013 2307
1186 1187 1403
726 788 815
1198 1464 1626
1311 2364 2365
869 1525 2522
613 2259 2347
370 369 371
960 963 2351
919 2392 2466
1092 1248 2589
1375 1219 1389
1161 1363 1364
1187 2703 3166
1169 1542 2351
276 278 336
2028 2015 3046
1701 1389 1748
1272 1157 1522
1073 980 1074
2210 2212 2219
513 484 2401
668 667 669
743 659 2360
1106 1107 1186
1002 989 1572
1213 1461 2529
1125 1319 2389
1365 902 2419
987 292 2482
349 348 355
1738 1193 1739
2366 2367 2368
1405 2518 2658
597 602 2485
272 273 274
1232 934 1287
617 615 652
314 313 315
1965 1631 2281
1011 1292 2381
972 1236 2349
650 640 2519
2461 2405 2471
1739 1740 1790
300 914 2320
1267 1455 2364
462 845 2406
2360 660 2431
606 605 607
1580 1441 1633
1535 759 1618
864 727 2500
1875 110 1876
1968 3101 3139
1163 1267 1311
1012 1738 2346
1096 1289 2283
963 964 967
608 609 610
1815 1456 2631
268 270 353
1023 621 2549
593 934 1232
2382 2384 2387
1125 1127 1319
2310 2309 2311
1570 653 2369
610 611 612
860 1160 1161
1790 1792 2144
1162 981 2445
722 814 1163
287 285 2361
1099 1102 2380
1232 1287 1288
2877 1148 3315
922 2325 2455
845 464 2499
1483 1354 1922
1012 1183 1193
462 461 463
1109 1212 1410
2537 979 2538
367 366 2302
612 613 614
626 628 924
643 650 2432
314 1038 2450
875 1182 1966
648 681 744
1554 1410 2230
1288 1474 1636
507 544 2458
1311 1267 2364
860 1161 2394
646 647 648
1288 1287 1474
1451 1260 1533
615 613 2347
1308 1692 2477
2195 2537 2848
2268 602 2509
1096 1091 1097
1464 1199 2321
454 452 922
356 355 366
1555 1991 2134
1289 1645 1646
711 712 726
1505 1071 1775
597 595 598
963 1169 2351
1199 861 1200
1231 2732 2745
1169 1361 1542
2470 934 2485
2173 2172 2174
466 1719 2499
848 743 2359
1738 1739 2341
999 1090 1091
422 549 2505
1849 1927 2269
791 912 1012
1556 1408 1736
1012 1193 1738
872 864 1540
1311 2365 2366
606 607 608
1476 1280 1477
458 456 476
298 300 2320
400 406 428
1939 1477 1941
1772 120 3200
1568 1362 1569
378 372 379
46 47 498
331 312 2450
2761 2018 3166
278 277 279
1221 943 1222
1172 915 1197
1089 1054 1302
1289 1646 2283
699 698 710
2214 2215 2216
744 681 745
2268 2470 2485
702 747 1130
176 177 802
1606 1002 2382
508 509 550
1476 1477 1939
1171 1357 1429
1317 1315 1318
928 929 1508
1993 2472 2473
590 589 591
2329 2328 2331
1484 1811 2034
964 966 2363
380 181 854
1109 1410 1553
622 624 641
1104 1105 1106
960 962 963
941 1029 1030
2203 2412 2522
681 649 682
1257 1406 2547
983 982 1111
1137 1446 2239
1154 1280 1476
276 277 278
1121 1123 1225
1064 848 1065
278 279 280
1634 1546 1871
1664 1343 1854
909 798 2460
788 857 2504
1392 1391 1732
626 924 2416
1639 1441 2307
274 273 275
1957 1886 1959
869 846 1054
1288 1636 1637
1130 1131 1216
770 772 1175
1907 1908 1994
873 848 1064
1474 1475 1911
1646 1645 1647
550 675 676
735 1243 1305
267 350 2397
566 700 2404
900 1301 2419
943 476 2430
1452 1901 2098
1700 1710 1711
2024 1602 2025
1847 1591 1888
1188 1189 1265
1281 1283 1452
557 697 711
284 286 345
1394 1395 1396
1941 1942 2395
1732 1734 2243
2389 1319 2870
1216 1217 1218
1116 1013 1441
289 287 935
522 653 1570
2407 845 2408
1312 1168 1313
1107 1323 2703
796 909 2417
1308 1335 1655
600 598 644
1170 967 2141
2382 2383 2384
546 547 548
1739 1193 1740
1448 1189 2373
280 279 281
2378 1232 2399
1525 2203 2522
381 379 384
1154 1155 1280
1281 1452 2396
539 566 2404
3055 3054 3314
280 282 938
368 367 369
1017 1209 1405
590 591 592
593 594 934
185 186 1168
1387 1386 1391
2422 1222 2430
1070 854 1071
1280 1281 2396
852 1234 2439
904 902 1365
959 956 960
274 275 276
1154 1476 2444
781 825 826
454 922 2455
2193 2196 2198
2060 2561 2562
1904 1554 1905
1639 2308 2809
1480 1313 1872
488 508 2375
2241 367 2302
1342 1341 1343
1392 1732 1733
1163 1263 1267
1265 1189 1266
1336 1755 2426
1698 1697 1857
893 852 2439
760 743 848
1075 1076 1077
594 595 597
276 275 277
410 2770 2847
279 925 2569
2028 3046 3225
347 349 1423
1548 1603 2234
59 60 2917
1046 1164 1420
1655 1335 1744
1387 1391 1392
676 675 719
316 315 317
1406 1285 1407
400 428 2476
271 269 936
1218 1219 1375
594 592 595
1066 866 1095
1631 895 1851
1259 1095 1260
345 2213 3309
704 725 763
1385 1224 1386
2424 2409 2675
1359 1137 2239
690 686 691
1194 977 1195
1012 912 1183
499 500 501
456 454 2455
597 598 599
1267 1268 1455
1288 1637 2399
1658 1647 1671
2170 2172 2173
1692 1655 1862
585 586 654
1221 1222 1223
2086 1009 2452
1064 1065 1154
2719 1686 3031
666 668 706
476 456 2455
1450 1260 1451
1696 1695 1697
1860 1861 2229
1790 1740 1792
2378 2399 2400
1732 1391 1734
776 778 791
1099 1101 1102
794 2417 2434
2393 2250 2479
1223 1222 1224
944 943 1221
2359 743 2360
315 313 352
1452 1283 1901
536 539 2398
280 281 282
460 462 2406
2405 2404 2471
1375 1389 1701
1941 1477 1942
860 808 1160
1701 1748 2079
1091 1090 1326
590 592 593
1719 468 2564
1336 1249 1755
442 1561 2467
900 893 1301
282 281 283
614 613 615
451 450 452
729 685 730
1130 1379 2484
1474 1287 1475
1223 1720 2454
922 452 2324
185 1168 1312
2352 2353 2354
478 480 481
2059 1358 2060
314 315 316
2590 504 2616
1836 1633 1916
1497 1496 1695
582 583 585
1849 1926 1927
566 567 659
590 593 2378
318 317 319
1171 1072 1357
180 181 380
2227 2497 3138
2270 2272 2276
902 900 2419
1334 1809 2016
1654 1848 1849
794 796 2417
593 592 594
1911 1475 1912
462 463 464
700 659 743
1280 1155 1281
833 831 2440
255 219 1493
1224 1222 2422
1386 1224 2422
1704 2576 2669
273 271 2391
1410 1212 1484
2706 2381 2730
2442 2441 2443
949 951 952
972 973 1081
1308 1244 1335
1507 1737 1887
539 540 566
1934 1071 2278
1357 1072 1358
865 786 866
385 384 386
461 459 471
930 820 931
2406 2409 2424
1715 1166 1716
2243 1734 2244
911 1046 2664
702 1130 2484
1385 1386 1387
1734 1391 2453
729 789 2522
791 792 912
817 818 1006
425 441 442
1889 1683 1967
3065 2625 3094
1292 1643 1644
1165 1047 2557
796 798 909
453 452 454
1742 2105 2106
662 664 665
560 2144 2871
1479 1356 1625
2269 1927 2270
1308 1655 1692
1542 1361 2544
1101 1103 1104
542 506 2481
550 551 675
318 320 354
1017 1405 2461
1212 919 2466
2057 1498 2201
588 589 590
1221 1223 2454
679 542 701
2241 1754 2611
831 1067 2440
1827 1569 1828
2440 2441 2442
580 581 582
519 562 564
1112 1111 1251
316 317 318
1035 1231 2502
455 454 456
781 780 825
335 332 450
327 325 377
742 710 757
976 843 977
1601 1364 1602
662 665 2431
1740 1193 2477
2398 539 2404
1183 1244 1308
2148 1667 2494
874 2461 2471
2399 1637 2507
1163 814 1263
1754 1696 2640
1154 1065 1155
2175 2174 2179
2209 1665 2465
588 590 2378
738 556 2788
724 723 762
457 456 458
1202 1203 2436
1222 943 2430
604 632 2449
1285 1286 2258
536 538 539
791 778 792
969 971 972
963 962 964
349 356 2377
318 354 2435
1116 1441 1580
1659 1880 1919
526 947 1253
474 477 478
2254 1734 2453
284 283 285
912 792 2434
597 599 602
884 862 933
1717 1718 2853
320 319 321
1606 2382 2387
1312 1313 1480
324 326 847
1064 1154 2444
1576 1654 2428
1576 1653 1654
1807 1464 2321
533 531 984
1426 1197 1503
1530 1336 2426
585 583 586
2062 1606 2387
1405 1209 1447
8 9 1472
525 513 527
1301 893 2439
659 567 660
318 319 320
690 691 692
507 543 544
952 953 954
1480 1872 2102
282 283 284
1677 1679 1680
806 830 1056
1755 1249 2454
1232 1288 2399
2417 2429 2434
390 386 391
2432 1736 2433
1690 2146 2474
1073 1074 1075
2440 1067 2441
420 980 1073
1947 2651 2661
792 794 2434
1386 2422 2453
800 875 2609
875 1966 2609
1121 1225 2493
2216 2215 2217
492 1593 2539
566 540 567
1281 1282 1283
1135 411 2467
2313 2311 2317
1476 1940 2444
1267 1263 1268
1604 1412 1774
1670 1741 1742
1032 1037 1043
852 833 1234
1099 1100 1101
599 598 600
1912 1913 2040
944 1221 1249
1524 1451 1537
1149 790 1416
372 369 2241
1384 1224 1385
458 942 2459
1530 2426 2427
2360 2431 2563
320 321 322
1161 1160 1363
1849 1848 1926
672 698 699
550 509 551
2954 331 2964
408 2881 3214
1658 1671 2066
1828 1569 2572
1150 1445 1576
475 467 2323
1858 1838 1859
411 425 2467
2398 2404 2405
566 659 700
1469 2052 2423
1118 1117 1119
516 559 2414
1907 1458 1908
1715 1716 1840
499 149 500
2404 700 2471
295 273 2391
643 640 650
1391 1386 2453
2226 240 3308
981 873 2445
527 513 2401
928 731 929
2641 1353 2990
1553 1555 2282
1206 1033 2140
1693 365 2705
533 984 1731
2390 1740 2477
425 442 2467
2371 1514 2601
1203 1393 1394
2251 2250 2393
1680 1681 1683
954 955 956
2491 2449 2492
604 606 632
468 470 2564
543 542 679
806 1056 2460
665 664 666
942 476 943
982 537 2498
1244 912 2434
1178 1669 1670
798 806 2460
1722 1133 1723
294 298 344
813 812 2600
675 551 677
559 686 690
1314 38 2339
286 285 287
648 649 681
1285 1284 1286
330 332 333
464 465 466
328 329 330
1840 1716 2020
1183 912 1244
2511 1573 2535
644 2393 2479
326 327 328
684 729 2412
1150 1576 2488
1577 1852 3319
1525 2159 2203
1065 848 2359
2375 508 2451
1720 1721 2117
601 604 2449
942 943 944
194 195 2004
484 432 939
1027 883 2743
1331 1998 2033
2417 909 2534
1260 1095 2362
1752 2533 2668
1840 2020 2021
539 538 540
290 292 987
324 325 326
811 740 995
735 683 1243
666 706 2533
1744 1745 1746
2237 471 2651
1234 833 2440
1070 1071 1505
770 771 772
1335 1244 2429
2144 1792 2145
671 669 753
1213 1093 1461
1431 977 2469
1202 1097 1203
2112 1711 3159
552 537 982
1882 1290 2567
1744 1335 1745
865 866 1066
1149 1416 1417
2246 2247 2248
466 467 468
462 464 845
300 299 301
442 441 494
294 344 2482
380 854 1070
107 257 759
1602 1364 2513
1287 934 2470
776 777 778
1912 1475 1913
1043 1037 2683
356 367 368
1894 1508 2297
321 319 482
792 793 794
1216 1218 2456
469 467 475
1469 1752 2052
1674 2621 2689
1651 1650 1837
1223 1384 1720
660 662 2431
582 581 583
763 725 2438
442 495 1561
2064 2753 2878
1249 1221 2454
874 873 981
535 536 2398
2405 2461 2658
874 981 1017
284 285 286
3209 2028 3225
2166 2168 2169
2413 1776 2552
316 318 2435
272 274 932
1555 2134 2282
1066 1095 1259
604 603 605
1753 2590 2616
834 833 852
1520 387 3013
1223 1224 1384
722 748 814
474 2257 2564
1259 1260 1450
794 795 796
2040 2041 2042
1540 864 2500
1090 815 2504
1114 1000 1177
960 961 962
772 773 774
2244 1734 2254
594 597 2485
700 743 760
314 316 1038
1014 1116 1117
1014 1117 1118
396 398 993
647 643 2432
488 497 508
602 599 2491
2751 2464 3290
1135 2467 2468
774 775 776
1164 1165 1275
831 829 1067
524 513 525
2400 2399 2507
1646 1647 1658
1093 1035 2502
2429 1244 2434
322 323 324
1413 1605 1756
1632 1897 1988
1281 1155 1282
578 579 580
1234 2440 2442
605 603 2531
789 869 2522
1290 1507 2567
967 964 2363
508 497 509
679 701 704
1502 159 2632
964 965 966
1035 974 1231
909 2460 2624
1406 1407 1591
2040 1913 2041
766 762 827
608 610 1078
1901 1283 2423
1450 1451 1524
1371 1138 1557
1476 1939 1940
530 528 531
1056 830 2463
1385 1387 1388
2060 1358 2561
898 1109 2520
2548 1571 2742
1746 1747 1759
1130 1216 1379
913 1152 2464
803 755 807
432 422 2505
874 1017 2461
760 873 874
792 778 793
1118 1119 1344
1654 1653 1848
1356 1097 2516
966 968 969
1257 1284 1285
1326 1592 2048
952 951 953
760 848 873
1680 1679 1681
1145 958 1650
2272 2273 2274
815 788 2504
1485 1212 2466
1368 1213 2529
1585 1368 1795
1759 1760 1761
1396 1397 1398
796 797 798
1008 1009 1153
1413 1412 1604
1367 148 2822
2175 2179 2206
886 807 887
832 831 833
1183 1308 2477
1305 1243 1571
2273 2271 2275
2173 2174 2175
760 874 2471
623 621 1023
1625 1356 2516
1084 913 2464
1283 1282 1469
866 786 2420
2467 1561 2468
1574 1344 1581
604 605 606
1051 981 1162
1580 1633 1836
1720 2117 2495
1193 1183 2477
403 411 1135
580 579 581
1038 316 2435
2041 1913 2268
2248 2249 2252
923 463 2237
568 702 2484
771 769 779
442 494 495
873 1064 2445
1384 1385 2480
529 528 530
1164 1275 2261
238 239 637
398 400 2476
525 527 528
322 321 323
1940 1939 2035
2444 1940 2553
913 889 1152
1110 2511 2535
1237 1081 1238
794 793 795
544 543 545
1196 1366 1496
676 719 720
1529 1336 1530
653 673 722
1841 2103 2997
1461 1093 2502
805 797 1108
552 982 983
1484 1485 1811
571 572 573
471 459 2459
1700 1527 1710
629 627 687
796 795 797
1774 1412 2501
770 769 771
1086 887 1088
901 900 902
3013 2032 3278
1720 1384 1721
776 775 777
939 432 2505
1413 1756 2521
832 834 991
161 765 2632
1097 1091 2516
1479 1625 1980
1312 1480 1518
2232 698 2233
920 1146 1298
2270 2271 2272
2418 2199 2681
1283 1469 2423
525 528 529
507 506 542
777 775 921
601 2449 2491
2042 2041 2043
2117 1721 2118
1745 1335 2429
772 771 773
458 476 942
903 902 904
894 893 900
901 2820 2846
2454 1720 2495
934 594 2485
853 852 893
2106 2105 2107
1014 1013 1116
1362 1170 2372
2097 1867 2941
341 338 1242
1252 1251 1300
1304 1088 1433
1430 1864 1865
1155 1065 2496
1603 1601 2637
335 450 451
470 473 474
1117 1116 2446
529 530 986
1017 1051 1209
553 510 755
682 882 990
1533 1260 2362
1118 1573 2511
1524 1537 1730
600 644 2479
968 965 1062
704 707 725
1866 1433 1900
1526 1700 2095
366 997 1196
1119 1121 2493
1792 1740 2390
1377 1278 1705
1576 1445 1653
1742 1741 2105
333 332 335
330 329 332
328 327 329
774 773 775
795 793 1058
1528 1444 1780
1475 1287 2470
1746 1745 1747
2447 1782 2515
326 325 327
2184 2169 2603
832 991 2463
1404 1403 1769
492 490 1593
973 975 2591
1394 1393 1395
1062 2614 2654
1913 1475 2470
1178 1670 2649
1325 1166 1715
1036 1094 1381
1373 2197 2595
966 965 968
1345 2673 2674
2217 2215 2218
832 833 834
324 323 325
2270 1927 2271
778 777 2483
1297 1249 1336
1344 1119 2493
905 1013 1014
972 971 973
777 921 1712
2655 2032 3013
559 690 2414
1600 1946 1947
960 956 961
793 778 2483
1119 1117 1120
1379 1216 2456
637 239 655
798 797 805
2118 1721 2376
1858 1859 1860
601 600 603
768 769 770
2272 2271 2273
969 968 970
964 962 965
1996 3168 3169
1484 1212 1485
292 294 2482
1118 1344 1573
957 950 958
905 904 1013
1735 1631 1965
1612 1614 1906
1469 1282 1565
725 785 816
535 534 536
725 816 2438
360 362 517
787 786 865
1385 1388 2480
656 655 786
666 667 668
599 600 601
493 511 522
501 516 2421
786 655 2420
2268 1913 2470
1203 1097 1356
468 467 469
2293 295 2294
1064 2444 2445
2549 619 2550
614 615 616
1755 2454 2495
569 570 571
1396 1395 1397
1272 1522 1523
660 661 662
721 2245 2888
1759 1747 1760
2246 937 2247
506 1594 2481
1607 1606 2062
2249 2247 2250
1670 1669 1741
536 537 538
744 2289 2290
1119 1120 1121
798 805 806
1375 1701 1702
663 1412 1413
1573 1344 1574
756 749 1619
1054 846 2566
2192 1132 2236
1116 1580 2446
391 392 403
1761 1762 1784
1065 2359 2496
969 970 971
954 953 955
720 719 740
701 542 2481
1005 1735 1923
2431 665 2587
1869 1517 2618
830 829 831
1017 981 1051
1275 1165 1276
1003 1002 1606
853 894 1085
1247 1184 1559
487 488 2375
1469 1565 1752
885 884 1166
1275 1277 1657
403 404 411
2408 845 2499
1593 490 2542
787 865 867
662 663 664
1426 1503 1699
1091 1326 2516
708 727 780
644 598 2552
1326 2048 2571
601 603 604
1547 1564 1632
148 149 499
1282 1155 2496
656 786 787
956 955 2488
2020 1716 2022
411 412 425
888 2092 2963
1728 3059 3097
1122 1120 1337
459 458 2459
901 902 903
422 417 549
1869 2618 2619
519 564 2616
944 1249 1297
298 299 300
536 534 537
1305 1571 2548
1398 1399 1546
522 523 653
425 426 441
830 831 832
429 423 449
2249 2250 2251
903 904 905
692 694 870
1058 793 2483
321 482 2489
1364 1363 2513
1761 1760 1762
704 701 707
510 492 2539
1177 1000 2457
1297 1529 1600
785 707 1015
700 760 2471
524 525 2517
1967 1683 2487
1710 1527 1968
637 655 656
1121 1122 1123
598 595 2552
482 2395 3219
660 567 661
1302 1415 1453
1569 2372 2572
2250 2247 2531
2123 2124 2125
676 720 1240
2012 1630 2027
1544 1438 1896
975 974 1035
646 643 647
1162 2445 2553
728 858 1021
806 805 829
806 829 830
1263 814 1704
333 335 2577
1331 1478 1998
530 531 532
592 591 2413
1149 1417 1562
621 619 2549
1466 1077 2512
1612 1177 1614
789 790 846
1143 1188 1207
1786 1788 1925
525 529 2517
834 852 853
435 436 554
1516 1758 1984
1453 1767 1768
1547 1632 2462
1328 1583 1584
1523 2029 2030
567 540 2501
595 592 2413
1618 759 2639
983 1111 1112
599 601 2491
777 1712 2483
2206 2179 3112
973 974 975
1756 1605 1757
532 534 535
666 664 667
2107 984 3170
1857 1697 2092
816 785 895
2054 1602 2513
441 426 443
443 491 985
1057 1551 2580
1565 1282 2496
588 587 589
725 707 785
1581 1344 2493
288 287 289
1967 2877 3315
1502 2632 3205
1918 1563 2065
2813 43 2814
1125 1126 1127
425 412 426
1379 2456 2475
961 956 2488
1721 1384 2480
1443 1246 1444
1632 1564 1897
451 453 754
409 405 427
1750 986 1751
1337 1120 2446
729 730 789
1423 349 2377
2563 2431 2587
245 246 596
1127 1128 1129
903 905 1110
1109 1553 2520
1473 439 1534
419 424 446
323 321 2489
937 605 2531
411 404 412
2353 1542 2544
533 1731 2498
1108 797 2503
663 661 1412
616 618 1190
286 287 288
529 986 1588
466 468 1719
2041 2268 2509
715 1899 1997
931 1133 1134
1413 1604 1605
1062 2269 2699
612 614 635
955 1150 2488
830 832 2463
973 971 974
1695 1496 1841
1297 1336 1529
1120 1117 2446
1174 1355 1425
1546 1399 1547
1098 1099 2380
1014 1118 2511
1663 2374 2718
663 1413 2521
677 678 708
742 757 2437
443 426 490
1628 1598 1629
1802 1515 2055
1203 1356 1393
1562 1417 1652
1654 1849 2654
1795 1368 2529
634 631 1004
975 1035 1036
1574 1581 2532
1340 1028 2044
451 452 453
2257 2528 2564
844 978 1057
1241 2122 2123
1036 1035 1093
2043 2041 2509
2141 967 2363
1573 1574 1575
1369 1115 1598
403 392 404
290 289 291
797 795 2503
1123 1124 1125
495 494 506
514 496 1805
1600 1529 1946
894 900 901
1168 186 1320
298 297 299
294 293 297
292 291 293
516 2414 2421
1507 1887 2567
1420 1164 2261
897 898 1068
532 531 533
853 893 894
664 663 2521
1651 1837 1838
961 2428 2614
276 336 2657
795 1058 2503
415 413 1616
2376 1721 2480
1956 1886 1957
2651 471 2661
1194 1195 1454
905 1014 2511
1358 1072 2561
1052 1245 1345
1851 895 2527
1425 1515 1802
384 379 988
1081 973 2591
506 494 1594
665 666 2533
2055 2152 2153
1658 2066 2067
412 404 1144
1450 1524 1826
553 755 803
1605 1604 1615
955 1115 1150
838 783 839
856 855 1059
991 834 2525
2036 2035 2037
827 828 1178
839 842 1008
1680 1683 1684
803 807 886
1784 1762 1785
2291 2290 2883
1398 1397 1399
2055 1515 2152
512 484 513
1813 1812 1895
1150 1369 1445
478 477 480
996 989 1002
2456 1218 2510
672 699 849
479 472 1630
619 617 2550
674 688 731
1158 1157 1272
485 444 989
532 533 534
801 716 1173
1681 1685 2487
404 392 2523
701 2481 2570
886 887 1086
507 542 543
512 513 524
1095 866 1370
1588 986 1750
1976 1753 2708
1393 1356 1479
782 733 783
986 530 2526
1145 1650 1651
2243 2244 2592
1685 1824 1844
495 506 507
2782 1437 2854
957 958 1145
1517 1296 2618
1784 1785 1786
1683 1681 2487
2025 1602 2054
757 930 2437
1619 749 2586
1755 2495 2638
595 2413 2552
538 537 552
1178 1668 1669
662 661 663
976 977 1194
722 673 748
183 184 3117
470 474 2564
942 944 2524
46 498 2882
481 480 504
1057 1156 1442
391 386 392
2472 2143 2473
526 946 947
1518 2279 2932
2576 1309 2669
1304 1433 1866
1363 1160 2240
603 600 2479
1086 1088 1304
2398 2405 2635
1172 1197 1426
1129 1141 1142
1297 1600 2524
1254 1255 1506
378 381 1233
1503 1197 1713
1788 1787 1789
1628 2000 2001
1871 1546 2462
512 524 526
1684 1683 1889
1095 1370 2362
2247 937 2531
1489 502 1521
949 950 951
1750 1751 2518
1218 1375 2510
1294 1082 2085
1112 1251 1252
1295 1516 2447
1425 1802 1803
1430 1429 1579
1940 2036 2553
2518 1447 2755
755 510 2539
1591 1407 1707
1415 1054 2566
453 454 455
1526 1527 1700
1547 1399 1563
1653 1445 1985
443 490 491
2248 2247 2249
460 461 462
955 953 1115
2354 2357 2653
947 948 949
1940 2035 2036
1098 1019 1099
653 523 673
757 820 930
356 368 2377
573 572 574
522 511 523
1745 2429 2534
132 133 296
732 689 733
1209 1051 1210
107 108 257
460 459 461
707 701 2570
1575 1574 1937
1677 1678 1679
1036 1093 1094
1786 1787 1788
2534 909 2624
499 501 927
1625 2516 2571
2459 942 2524
128 1816 3217
571 570 572
741 812 813
853 1085 2525
1026 883 1027
1034 1072 1171
1747 1745 2534
1585 1795 1825
2496 2359 2563
443 985 2545
2173 2175 2181
2597 1687 2598
682 737 882
526 524 946
750 784 1309
1786 1785 1787
2516 1326 2571
2429 2417 2534
1004 631 2575
856 1059 1060
1142 1270 1271
1121 1120 1122
530 532 2526
1247 1559 2472
455 456 457
488 486 496
1357 1358 1462
1627 1177 2457
865 1066 2560
640 638 2519
1546 1547 2462
2294 295 2391
846 790 1149
457 458 459
399 397 992
690 692 2568
92 93 3237
1547 1563 1564
1166 884 2633
1376 1686 1687
1956 1957 1958
1060 1059 1290
1564 1563 1918
944 1297 2524
717 716 801
1196 997 1366
667 664 2521
962 961 2614
2065 1563 2615
2169 2170 2603
474 473 477
616 615 617
491 490 492
885 1166 1325
491 492 493
1498 1202 2436
970 2276 2732
1018 872 1019
741 740 811
682 649 737
699 710 742
1189 1080 2373
1375 1702 2510
661 567 2501
1369 1598 1628
1025 1026 1490
1569 1362 2372
983 1112 1113
884 933 2633
827 762 828
1271 1321 1341
1094 1093 1213
1748 2091 2731
947 946 948
1243 683 2590
1562 2051 2646
493 510 511
1681 1682 1685
2359 2360 2563
487 486 488
1150 1115 1369
1110 905 2511
1628 1629 2000
1805 496 2627
1516 1984 2447
959 2352 2653
534 533 2498
1003 1606 1607
1651 1838 1839
2614 2428 2654
366 355 997
1571 1753 1976
288 289 290
494 441 2545
2835 993 3162
2191 2193 2645
1565 2496 2563
2319 1305 2548
348 346 351
520 505 1589
949 948 950
882 883 1025
1328 1584 2588
1425 1803 2490
951 950 957
1060 1290 1882
2244 2326 2592
294 297 298
292 293 294
290 291 292
1407 1285 2258
381 385 2508
1616 413 2634
1479 1980 1981
1149 1562 2566
493 492 510
753 669 2448
1377 1705 1706
1186 1403 1404
946 524 2517
1562 1652 2051
812 1158 2600
537 534 2498
814 748 2576
511 510 553
441 443 2545
2528 1719 2564
1104 1106 1148
1062 965 2614
867 865 2560
1937 1574 2532
281 279 2569
1788 1789 1883
2445 2444 2553
2460 1056 2684
785 1015 2527
1304 1866 1881
591 1254 2413
1839 1838 1858
1302 1054 1415
1326 1090 1592
493 522 2551
834 853 2525
103 104 3035
1774 2501 2599
481 504 2590
1178 828 1668
371 378 2672
688 563 689
616 617 618
586 583 587
360 361 362
683 481 2590
1776 1777 2691
1753 2616 2708
529 1588 2517
457 459 460
1066 1259 1279
1885 1884 1886
1586 1557 1764
996 1002 1003
1006 1052 2348
1412 661 2501
1584 1583 2018
479 2014 3328
1592 1090 2504
410 418 419
1144 404 2523
419 423 424
586 587 588
2133 2639 3179
2374 948 2636
871 864 872
1573 1575 2535
1370 866 2420
1284 1256 1783
362 363 364
895 785 2527
1123 1122 1124
424 429 430
553 803 1264
789 730 790
1275 1276 1277
817 745 818
421 431 433
1248 1595 2589
2225 2228 3316
1425 1355 1515
1397 1395 1945
385 390 407
1883 1789 1884
2732 2276 2745
800 799 835
1278 1276 2647
1751 986 2526
338 333 2577
364 373 374
927 501 2421
1171 1429 1430
2289 1351 2883
2446 1580 2585
532 535 2526
514 1805 1806
632 606 2678
2036 2037 2038
1056 2463 2724
410 409 418
1723 1133 2418
374 382 383
540 538 2599
1644 1643 1863
2501 540 2599
1508 929 2547
1684 1889 1961
739 738 799
1852 891 3319
1796 1617 1797
1704 814 2576
1366 1617 1796
383 388 389
2228 2226 3316
2624 2460 2684
1242 338 2577
430 445 2583
677 551 678
748 673 749
538 552 2599
896 76 2007
1374 1192 1435
1868 1517 1869
1110 2535 2841
445 486 487
419 418 423
514 1806 1823
424 423 429
426 412 2542
1266 1448 2071
856 1060 1061
1015 707 2570
985 491 2551
71 72 541
1681 1679 1682
1245 1053 1246
1453 1415 1767
2466 2392 2649
886 1086 1087
430 429 444
1679 1678 2554
364 374 945
431 432 483
1125 1124 1126
930 931 2515
429 449 2559
1328 1213 1368
406 409 410
1594 494 2545
1094 1213 1328
479 1630 2012
1503 1713 1714
1277 1276 1278
358 359 360
2137 2138 2802
840 1010 1011
1462 1358 2059
380 1070 1201
1238 1081 2591
1885 1886 1956
1158 1409 1675
488 496 497
1127 1126 1128
953 951 2556
2726 1608 2873
1366 997 1617
2414 690 2568
1276 1165 1424
1571 1243 1753
379 372 2611
752 855 856
431 422 432
859 746 1226
1783 1256 2594
1034 859 1072
846 1149 2566
2535 1575 2863
750 1309 2576
1970 1971 3186
1404 1769 1770
490 426 2542
1252 1322 1831
483 484 512
857 920 2625
1340 2826 2974
633 634 636
105 106 2950
485 989 996
483 432 484
630 631 633
1003 1607 1608
363 361 503
589 587 2631
608 1078 2678
1485 2466 2610
1747 2534 2624
2599 552 2670
1752 1565 2587
468 469 470
801 1174 2490
1905 1554 2230
808 693 2555
2022 1716 2633
412 1144 2542
389 388 401
1583 1368 1585
491 493 2551
1381 1094 2588
642 643 646
383 382 388
812 811 1157
1890 1468 1891
1598 1115 2556
1600 1947 2661
509 497 2584
2195 2192 2236
374 373 382
1645 2057 2817
985 2368 2712
636 638 639
1580 1836 2585
2526 535 2635
931 1295 2515
203 204 736
1601 2024 2637
266 2793 2810
720 740 741
2352 2354 2653
1728 1454 1832
1328 1368 1583
1751 2526 2635
1128 1126 1460
1975 521 3009
932 274 2657
782 838 840
1188 1080 1189
965 962 2614
2862 2390 2939
364 363 373
714 658 716
989 444 2559
543 679 2541
1415 2566 2646
1252 1300 1322
639 640 642
951 957 2556
1860 2229 2933
430 444 445
1565 2563 2587
1478 2140 2974
631 629 2575
470 469 472
628 629 630
421 422 431
1585 1825 2050
1277 1278 1376
504 505 519
1018 1019 1098
1376 1278 1377
1596 1153 1597
1844 1824 2478
1985 1445 2574
406 405 409
382 373 994
1256 731 2594
731 688 2594
1404 1770 1771
2126 2125 2127
1677 1680 2263
782 783 838
296 1346 1347
1214 1084 1819
753 2448 2764
1174 1425 2490
2201 1498 2436
470 472 473
384 988 2565
2523 392 2565
871 1018 1020
1608 1607 1830
362 361 363
2297 1508 2547
1290 1059 1332
732 733 782
1299 1979 2807
386 384 2565
1467 1466 1468
1011 1291 1292
1716 1166 2633
1445 1369 2574
2225 2227 3138
2741 1891 3146
715 1997 2727
644 2552 2691
839 1008 2608
1129 1128 1141
1106 1186 2629
1628 2001 2574
2283 1646 2617
1696 1698 2640
519 520 562
1646 1658 2617
622 623 624
618 619 620
372 2241 2611
1725 2077 2916
1657 1277 2597
1138 1006 2348
1066 1279 2560
1115 953 2556
1670 1742 2610
788 824 857
946 2517 2636
1276 1424 2647
2426 1755 2638
1854 1343 1982
1290 1332 1507
626 627 628
624 625 626
840 838 1010
445 444 485
1764 1557 2733
2517 1588 2636
573 1055 1083
392 386 2565
1553 2282 2520
1317 1318 1545
1726 3065 3094
1354 1173 2682
1760 1747 2624
1059 855 2593
2306 932 3297
871 872 1018
929 731 1256
1270 1141 1491
929 1256 1257
504 480 505
562 563 674
1931 2883 3250
1295 2447 2515
988 379 2611
750 749 756
1194 1454 1728
929 1257 2547
1376 1377 1686
908 548 2111
711 697 712
1255 863 1456
1753 1243 2590
421 417 422
576 584 2716
1883 1884 1885
401 388 413
1479 1981 2582
35 36 1211
812 1157 1158
688 689 732
176 802 1909
2049 170 2988
1767 1415 2646
748 749 750
918 1000 1114
523 511 2558
1160 808 2555
1658 2067 2617
497 496 514
1005 1631 1735
926 297 2821
1257 1256 1284
2932 2279 3117
1142 1141 1270
1158 1675 2600
1230 1229 1334
535 2398 2635
1589 505 2659
1705 1278 2647
414 416 1001
473 472 479
511 553 2558
1158 1272 1409
838 839 2608
1050 913 1084
2381 2706 2737
1005 895 1631
968 1062 2699
844 843 976
355 348 2581
764 38 1314
1424 1165 2557
620 621 622
360 359 361
1507 1672 1737
445 485 486
423 418 2711
1395 1393 2582
416 417 421
554 436 555
1383 1077 1466
741 813 2642
1060 1882 2604
1629 1598 2671
983 1113 2670
618 617 619
706 2376 2668
519 505 520
1682 1679 2554
768 376 769
1483 1922 1977
274 276 2657
1393 1479 2582
57 1181 1855
810 864 871
801 1173 1174
708 678 727
1369 1628 2574
1271 1270 1321
1337 2446 2585
1376 1687 2597
1615 1604 2702
1742 2106 2696
1341 1321 1763
826 918 1082
596 246 645
1685 1682 1824
400 405 406
1228 1229 1230
1136 1137 1359
1008 1153 1596
591 589 863
1945 1395 2582
1046 1420 2664
400 399 405
562 520 563
416 415 417
325 323 2698
1430 1579 1864
444 429 2559
398 397 399
857 917 920
396 395 397
39 1810 2339
1563 1399 2615
591 863 1254
1011 1010 1291
1672 1332 1673
514 1823 2584
553 1264 2558
1240 720 2642
2684 1056 2724
1057 978 1156
1008 1596 2608
1094 1328 2588
445 487 2583
674 563 688
810 727 864
1148 1106 2629
1774 2599 2670
752 856 2497
1322 1300 1519
2867 1772 3200
1399 1397 2615
692 870 2568
2533 706 2668
2610 2466 2649
414 415 416
1793 1185 2039
673 523 2586
1174 1354 1355
2152 1515 2623
826 825 918
1707 1407 2656
741 811 812
2161 1314 2339
1523 2030 2032
1694 2074 2075
1435 1192 2701
1143 1080 1188
784 756 843
1763 1321 1835
1083 1055 1329
1916 1633 2786
1231 974 2732
2240 1160 2555
455 2424 2675
368 369 370
926 2002 3092
1156 978 1261
2556 957 2671
780 727 810
51 52 2151
1722 1723 2514
1515 1355 2623
341 1242 2725
348 351 2581
1086 1304 2612
401 413 414
262 264 440
719 675 2753
2566 1562 2646
1295 1296 1516
1922 1354 2682
728 1021 2723
1684 1961 1962
1016 836 2714
1968 2804 3101
1030 1029 2602
1186 1404 2629
383 389 394
997 355 2581
1400 1513 2606
1663 2718 2755
931 1134 1295
257 357 358
1516 1517 1758
504 519 2616
2393 644 2691
2635 2405 2658
1304 1881 2612
414 413 415
748 750 2576
2667 1954 3073
545 543 2541
2463 991 2754
2724 2463 2754
948 946 2636
1668 828 1845
551 509 2685
1810 2813 3015
1006 818 1052
2014 479 3325
749 673 2586
49 50 2789
689 563 2630
2100 521 3079
650 2519 2719
2170 2173 2603
1164 1047 1165
837 911 1151
2459 2524 2661
1292 1291 1642
520 1589 2630
825 780 2622
1182 2008 3302
933 862 1258
1047 1436 2557
2524 1600 2661
1800 1402 2700
596 645 709
1156 1261 1262
2428 1654 2654
1061 1060 2604
1329 1055 1661
573 574 1055
509 2584 2685
847 326 2908
350 2267 3118
398 399 400
1624 2082 3093
1407 2258 2656
1528 1780 1781
1596 1597 1621
396 397 398
1210 2403 2866
2088 1647 2817
1292 1642 1643
1443 1444 1528
1760 2624 2684
754 453 2675
1032 1043 2602
1598 2556 2671
1472 2081 3084
1763 1835 1931
787 867 868
642 640 643
2126 2127 2128
1026 1027 1136
1397 1945 2615
856 1061 2497
2518 1751 2658
1675 1409 1853
1923 1735 1924
816 895 1005
1507 1332 1672
1374 1435 2643
971 970 2732
1599 1473 1778
2272 2274 2745
984 2105 3042
844 976 978
358 357 359
1087 1086 2612
1457 1456 1660
1228 1230 1401
764 1314 1315
2193 2198 2645
1591 1707 2704
172 173 439
471 2459 2661
1114 1177 1612
1174 1173 1354
2173 2181 2603
1938 2768 3052
1277 1376 2597
448 2229 3089
2379 935 2775
639 638 640
2123 2125 2126
497 514 2584
882 737 883
2433 1736 2743
1736 1408 2743
2260 1538 2968
1621 1597 1817
578 577 579
1863 1643 2100
1052 818 1053
759 257 2639
1617 997 2581
752 751 855
2199 2194 2681
523 2558 2586
750 756 784
549 417 2752
849 2117 3030
1758 1868 1870
1010 838 2608
784 843 844
828 762 2578
1506 1255 2680
923 2237 2834
1404 1771 2629
2348 1345 2733
1245 1246 1443
1140 1306 1501
868 867 889
1075 1077 1383
257 108 357
1355 1354 1483
554 555 657
184 185 2932
226 1235 1539
1261 978 2628
394 389 395
376 371 2672
453 455 2675
2500 678 2685
496 486 2627
1504 1428 1659
709 734 751
709 751 752
2103 1841 3038
622 621 623
1483 1978 2623
976 1194 2628
1187 1107 2703
485 996 2627
620 619 621
624 623 625
606 608 2678
636 634 638
2769 1693 3210
920 1298 3094
557 696 697
1233 381 2508
633 631 634
243 244 3129
293 340 2821
1345 1245 2673
630 629 631
394 395 396
1483 1977 1978
2669 2120 3151
1417 1877 2692
552 983 2670
2151 1514 2370
1246 1053 2695
1122 1337 2663
2758 1822 2941
714 716 717
1815 2631 2713
626 625 627
1269 545 2541
1490 1026 2693
890 889 913
1136 1359 1610
788 712 824
1025 883 1026
122 123 2741
1762 1760 2684
1652 1417 2692
762 723 2578
1173 716 2748
657 713 715
1803 1802 2905
378 1233 2672
2300 650 2719
1544 1896 2008
1295 1134 1296
918 825 1000
1485 2610 2696
2710 2344 2819
486 485 2627
1284 1783 2706
1140 1042 1306
628 627 629
2670 1113 2702
688 732 2594
1667 1500 2975
134 135 3287
1950 1673 1951
1124 1122 2663
560 342 2825
858 859 1034
2532 1581 2833
957 1145 2671
657 658 713
990 882 2766
363 503 2626
1706 2093 3198
2296 2502 2816
2570 2481 2744
1511 1374 2643
1061 2604 2605
1083 1329 1725
678 551 2685
1651 1839 2721
37 38 764
1621 1817 1818
546 545 547
1811 1485 2696
1536 2207 3046
1052 1053 1245
2091 1749 2926
2554 1710 3139
724 766 850
2343 1791 2851
1672 1673 1950
1037 1241 2683
2074 761 3066
374 383 2613
373 363 2626
1954 1953 1955
1604 1774 2702
351 346 2725
2755 1447 2842
720 741 2642
1698 1857 2865
1443 1528 1808
421 433 2650
435 554 1044
415 1616 2752
863 589 2631
1557 2348 2733
1114 1612 1613
1254 863 1255
1751 2635 2658
2161 3015 3048
1516 1296 1517
717 801 2697
1610 1359 1611
2315 2317 3274
480 477 2659
1670 2610 2649
1041 1042 1140
2841 2535 2863
970 968 2699
1888 1591 2704
728 746 858
991 2525 2779
1286 1284 2706
583 581 2713
258 260 1514
994 373 2626
563 520 2630
385 407 2508
2891 1063 2942
1272 1523 2655
1355 1483 2623
228 2858 3090
388 382 2634
370 371 376
1607 2062 2761
709 645 734
782 840 2709
1756 1757 2764
1959 1886 2837
1952 1953 1954
1266 1189 1448
801 2490 2697
876 836 1016
1862 1655 2924
2562 1226 2830
1790 2144 2851
2728 2184 3165
1758 1517 1868
1456 863 2631
780 810 2622
1319 2219 2870
1194 1728 2628
1764 2733 2734
1332 1059 2593
2631 587 2713
1215 2183 2728
260 262 2601
2596 1113 2762
2886 2679 2910
323 2489 2698
489 216 3327
1409 1272 2655
2573 992 3116
1357 1462 2812
416 421 2650
978 976 2628
505 480 2659
2129 2835 3162
1159 1016 1192
657 555 658
1638 541 1969
1733 2098 3234
547 545 1269
1352 1192 1374
2721 1839 2759
850 766 851
587 583 2713
1629 2671 2721
1162 2553 2679
1226 746 2697
2616 564 2708
623 1023 2667
1069 1068 1293
1136 1610 2693
2754 991 2779
2552 1776 2691
2370 2371 2861
2581 351 2729
2036 2038 2679
555 436 1773
382 994 2634
1310 188 3093
1510 1374 1511
1003 1608 2726
2457 1000 2622
2637 923 2834
449 423 2711
2553 2036 2679
2640 1698 2815
1783 2594 2709
2403 1859 2866
71 541 1638
751 734 837
1613 2738 2790
396 993 2835
714 717 728
2779 2525 2805
945 374 2613
1073 1075 2644
1774 2670 2702
712 697 2717
1617 2581 2729
1817 2705 2897
858 746 859
715 1635 1899
2005 1519 2006
739 799 800
2462 1632 2829
1837 1650 2842
1323 2221 3100
2303 1320 3272
932 2722 3297
1673 1332 2593
2570 2744 2852
576 577 578
1950 1951 1952
1688 2116 3214
419 446 2770
413 388 2634
745 2154 3004
1557 1138 2348
483 2358 2777
713 658 714
1001 416 2650
266 268 2793
1255 1456 1457
1765 1766 2739
2691 1777 2751
1270 1491 2662
1050 1084 1214
1952 1951 1953
1448 2373 2768
840 1011 2737
257 358 2639
1000 825 2622
2610 1742 2696
346 341 2725
1029 1032 2602
52 256 258
1762 2684 2724
1322 1519 2005
193 194 3226
2514 1347 2689
2230 2034 3197
2013 2014 3325
2594 732 2709
800 835 836
1664 1854 2722
800 836 875
658 555 2748
1252 1831 2762
2606 1779 2740
502 229 2907
1113 1112 2762
375 2876 3204
1805 2627 2726
1980 1625 2803
1214 1819 1820
0 1 2944
728 717 746
2184 2887 3165
2636 1588 2718
401 2113 3029
521 167 3079
1653 1985 2775
2709 840 2737
2545 985 2712
91 92 3237
204 205 3202
2647 1424 2648
718 1677 2263
2671 1145 2721
149 2080 3262
347 1423 2825
708 781 2878
339 560 2871
1835 1321 2662
53 54 718
2116 1688 3212
2804 680 3101
871 1020 2756
2066 1671 2844
306 308 2978
393 391 2843
704 763 2832
2246 2253 2888
2228 2605 2936
1588 1750 2718
1316 1338 1920
2438 816 2840
1559 1560 2142
1783 2709 2737
2017 1069 3215
899 1228 2205
1400 1512 1513
2497 2227 3191
370 376 768
1523 2032 2655
1723 2418 2681
1638 1969 2061
577 575 2686
1298 1146 1299
2374 2636 2718
2229 1861 3089
696 738 739
390 393 2879
2593 855 2666
2079 1748 2731
1845 828 2578
1291 1010 2690
855 751 2666
2639 2133 3253
1785 1762 2724
1321 1270 2662
1430 1865 2838
130 420 2952
2381 1644 2730
1241 2123 2683
732 782 2709
1564 1918 2800
2377 368 2710
868 889 890
1725 1329 1726
1145 1651 2721
234 235 2660
253 0 899
2627 996 2726
1594 2545 2712
1895 1812 1902
2214 2216 2870
2266 1220 2746
303 375 2933
1699 1503 2856
431 483 2777
579 577 1049
1657 2597 2831
2462 2829 3249
2442 2316 3027
1316 1315 1317
890 913 1050
2263 1962 2901
2044 2045 2826
2894 2145 2908
383 394 2613
2457 2622 2756
996 1003 2726
850 851 897
555 1773 2748
2815 1698 2865
1689 1622 2010
1408 1027 2743
974 971 2732
1596 1621 2690
403 1135 2843
1102 1101 2877
1559 1184 1560
517 362 2798
548 547 556
903 1110 2820
1797 1617 2729
1866 3223 3244
1492 1772 1948
158 1502 2530
1048 1656 1717
1228 1401 2205
2075 3066 3229
1872 2281 2949
2644 1816 2952
1383 1466 1467
875 836 876
1443 1808 2673
518 1080 1143
881 1185 1793
2622 810 2756
1291 2690 2772
2042 2043 3077
2331 2265 2774
736 1898 2046
2646 2051 2794
715 713 1635
328 330 2894
896 2087 3338
2608 1596 2690
252 253 2687
888 807 2920
1629 2721 2759
1934 2278 3276
296 133 1147
1263 1704 2828
1465 439 1473
1819 1084 2912
1172 1426 1434
1677 1676 1678
2242 1709 2749
625 623 2667
1571 1976 2742
2820 1959 2846
1306 1042 1307
1983 114 2676
1380 1622 1689
1838 1837 2866
584 578 2973
781 826 2896
1192 1016 2701
2393 2691 2751
705 2291 2992
1847 1888 3177
2242 1250 2750
1034 1171 2838
824 712 2717
1641 1640 1850
837 1151 2666
1692 1862 2939
2415 1846 2486
875 876 1182
1512 1307 1648
2770 2178 2847
1619 2586 2735
2276 2272 2745
2481 1594 2744
2371 2674 2861
1159 1352 1353
876 1016 1159
2080 1552 3157
1817 1597 2720
2525 1085 2805
569 438 570
764 1315 1316
1159 1192 1352
1352 1374 1510
1713 1197 2767
2383 2386 2911
675 677 2753
2718 1750 2755
716 658 2748
1785 2724 2754
1400 2606 2740
365 164 2940
2177 2185 2760
2251 2393 2751
1979 1543 2546
2814 1044 3048
907 1040 1041
882 1025 2766
804 879 2801
1690 2474 2919
1467 1890 1892
1663 2755 2842
2690 1621 2772
2123 2126 2683
2385 449 2781
1510 1511 1833
1421 243 3129
1465 1473 1599
1467 1468 1890
1908 1458 2875
1920 1338 1970
2541 679 2832
2448 1756 2764
1594 2712 2744
2774 705 2992
1237 1238 2875
2068 2066 2844
364 945 2798
2805 1085 2837
2009 2008 2072
2865 1857 2902
1026 1136 2693
1075 1383 2644
1750 2518 2755
1266 2071 2946
1346 1348 1674
746 717 2697
1792 2390 2862
2046 1898 2047
1880 1428 3034
2558 1264 2735
320 322 2893
1010 2608 2690
730 685 3045
66 680 2804
2586 2558 2735
917 824 1488
2367 2365 2852
1023 2549 3050
2706 1783 2737
857 824 917
337 2275 3014
82 1936 3005
1922 2682 3123
696 556 738
1478 1206 2140
1046 1047 1164
894 901 2846
1209 1210 2850
870 694 2890
1005 1923 2840
1787 1785 2754
1245 1443 2673
521 2100 3009
2073 2072 2641
1866 1900 3223
1388 1387 2898
1527 65 2804
1741 2299 3042
1959 2837 2846
2403 1210 2886
881 1793 1893
1623 1411 1743
656 787 2757
1348 1147 1411
1317 1545 2694
296 1147 1346
1047 1045 1436
1622 1191 1708
417 415 2752
2538 132 3192
1152 889 2900
1540 2500 2792
214 215 2921
1845 2578 2579
2030 2031 3278
751 837 2666
2437 2427 3057
2685 2584 2792
322 324 2923
1306 1307 1400
2000 1629 2759
2093 1556 3031
1299 1146 1438
1316 1317 1338
2149 1865 3193
1199 1200 2987
2019 1139 3099
1043 2683 2791
2681 2195 2848
835 1048 2714
1041 1040 1042
1501 1306 2740
1197 915 2767
920 917 1146
557 556 696
1255 1457 2680
2364 1455 2915
2009 2072 2073
436 44 2827
33 34 2885
1830 1607 2761
1112 1252 2762
71 1638 3222
255 1493 1494
2135 738 2788
755 2539 2920
2756 1020 2783
2304 2925 3321
2082 1694 2823
1534 2256 3216
1820 2139 2947
2365 2364 2880
2096 1662 2917
752 2497 2784
1339 1694 2082
1710 2554 3159
1717 1656 1718
1347 1346 2689
2255 1540 2854
1989 1648 1990
2129 2124 3115
1493 219 1729
810 871 2756
370 768 2710
2102 1934 3276
2474 1264 2869
2745 2274 2816
1334 1688 1809
368 370 2710
573 1083 2935
1299 1438 1543
1705 2647 2763
2202 437 2795
885 1325 1427
81 82 3005
2300 2719 3031
2705 365 2897
2828 1704 2989
736 204 1898
1420 2261 3133
2758 2891 2942
2798 945 3115
410 419 2770
406 410 2847
1989 1990 3205
1371 1587 3099
65 66 2804
313 311 2938
152 153 821
1210 1051 2886
172 439 1465
1685 1844 2962
258 1514 2151
1828 2573 3116
2305 1626 3279
2334 2330 3111
1848 1653 2775
2665 105 2950
2104 89 3324
2744 2367 2852
262 440 2601
897 1068 1069
1451 1533 2976
2103 1088 2997
1440 1470 1471
1214 1820 1903
2705 1817 2720
554 657 2727
1543 1438 1544
1951 1673 2868
836 835 2714
1787 2754 2779
1104 1148 2877
138 878 2872
1524 1730 2906
1162 2679 2886
1083 1725 2916
56 1855 3317
1427 1325 1428
1808 1528 2715
1340 2044 2826
2421 2414 2884
1390 2299 3049
2811 350 3118
1784 1786 2954
1642 1291 2772
1346 1674 2689
2512 1372 3083
713 714 2723
890 1050 1063
1228 1227 1229
1822 2758 2942
572 570 2747
847 2862 2939
440 264 2810
992 2573 3196
2915 1455 2949
1710 1968 3139
2376 706 3318
18 19 2707
2793 1829 2810
886 1087 2869
1264 803 2869
887 888 2997
1666 1975 3032
1049 577 2686
2118 2376 3318
1488 824 2717
1380 1191 1622
1042 1040 2688
1055 574 2716
2852 2365 2880
2473 2421 2884
1633 1639 2786
2947 1521 3172
311 309 3075
1903 2947 3172
3059 1894 3097
2613 394 2835
1427 1428 1504
167 168 3079
574 575 576
837 734 910
574 572 575
1512 1648 1989
742 2437 3057
1540 2792 2854
80 402 2765
657 715 2727
1944 500 3262
541 72 2277
1892 2652 3217
239 240 2960
1765 2739 2946
231 1917 3107
1837 2842 2850
1528 1781 2715
1080 1079 2373
2457 2756 2783
2677 1609 3131
714 728 2723
1400 1307 1512
1805 2726 2873
1179 1191 1380
1514 260 2601
268 353 2793
1635 713 2723
867 2560 2900
1789 1787 2779
2565 988 2815
433 431 2777
3077 2043 3181
1669 1668 3049
574 576 2716
299 926 3092
1823 1806 2782
168 1419 3079
911 1045 1046
2095 1700 2966
449 2711 2781
155 1495 2959
1612 1906 2738
1306 1400 2740
1705 2763 2845
1558 2318 3266
2713 581 2824
1468 1466 3080
2575 687 3134
1544 2008 2009
1648 1307 2688
988 2640 2815
362 364 2798
1348 1411 1623
1621 1818 2772
1627 2457 2783
1429 1357 2812
1942 2396 3063
1778 1473 2899
264 266 2810
1964 1827 3116
3015 2814 3048
402 885 2765
2294 2391 2953
148 499 2822
2700 1627 2783
2502 1231 2816
375 301 3092
1339 2082 2083
2215 345 2979
582 767 3088
1338 1317 2694
2647 2648 2763
579 1049 2824
1124 2663 2928
620 622 3043
2296 2293 3036
310 331 3006
1780 1444 3288
1897 1564 2800
1853 2996 3183
1334 1229 1688
1346 1147 1348
576 575 577
2214 2870 3147
2680 1819 3124
1474 1911 2965
1460 1126 2928
2858 1987 3078
2098 2238 3063
1044 554 2727
915 1324 2767
2402 939 3040
837 910 911
1789 2779 2805
236 2097 2660
1695 1841 2963
637 656 1022
787 868 2757
342 347 2825
1661 1055 2716
891 2981 3000
2056 1800 3064
1593 2542 2902
1957 1959 2841
739 2609 2780
2377 2710 2819
2092 1697 2963
2500 2685 2792
1560 3154 3273
2002 2759 2876
1180 1039 1914
52 258 2151
1809 1688 1960
1593 2902 2969
499 927 2822
245 596 1273
2050 1825 3246
687 627 3073
351 2725 2926
2708 564 2968
107 759 1482
1927 1926 3014
1433 2103 3074
1482 759 1535
1004 2598 3140
1452 2098 3063
565 724 2867
2824 1049 2895
315 352 3022
2543 1190 2809
2730 1644 3003
527 2401 3069
2037 2035 2938
189 190 3067
1494 1640 1641
345 286 2979
1427 1504 2076
655 239 2960
1718 1656 2909
2683 2126 2791
2449 632 3051
1087 2612 2957
2275 2271 3014
1846 2110 3120
1767 2646 2794
1884 1789 2805
2584 1823 2792
2753 677 2878
2656 1534 3216
561 122 2741
1471 1470 1794
1625 2571 2803
1647 1645 2817
879 1204 2801
2126 2128 2791
2984 1211 3171
1046 1045 1047
1494 1493 1640
2278 854 2991
437 259 3190
596 709 2784
581 579 2824
1492 1948 1949
2181 2175 2986
2926 1749 2971
1953 1951 2993
2060 2562 3096
1465 1599 2049
1513 1512 2769
1423 2377 2819
618 620 2929
2098 1901 3234
2766 1025 2905
822 906 1179
1234 2442 3027
1534 2656 2899
672 849 3030
1613 1612 2738
570 438 1303
2256 1534 3010
2437 930 2967
901 903 2820
297 293 2821
2695 1053 3004
718 1676 1677
2792 1823 2854
1069 1293 1360
679 704 2832
2523 2565 2815
3154 2931 3273
1990 1648 2913
1603 2637 2834
2829 779 3249
2711 418 3310
1307 1042 2688
2615 1945 2864
1467 1892 2776
1463 1987 2858
1907 1994 3269
767 585 3239
2262 1657 2831
1632 1988 2829
2213 938 3309
1268 1263 2828
1835 2662 2774
1884 2805 2837
2717 697 2780
709 752 2784
2490 1803 2830
1711 1710 3159
1624 189 2930
2253 2248 3306
1048 1717 2714
2010 1622 2771
1482 1535 1727
1650 1663 2842
911 910 1045
1179 906 1191
1325 1715 3034
391 403 2843
2021 2064 3053
253 899 2687
1841 1496 3038
216 217 3037
2880 2364 2915
428 406 2847
2217 2218 2833
1519 1300 3025
2862 847 2908
1862 2923 2939
498 2934 3235
2131 2798 3115
668 670 3318
1143 2094 3313
1494 1641 1703
1886 1884 2837
137 138 2872
1876 3055 3314
1791 1790 2851
1735 1965 3056
1293 1620 2818
697 696 2780
2697 2490 2830
233 234 3335
1861 2403 2910
2593 2666 2868
779 769 3211
1977 1922 2882
1159 1353 2773
1581 2493 3020
2820 1110 2841
140 141 3154
1539 1235 2155
135 136 2999
1366 1796 3038
1085 894 2846
765 162 3293
1489 1521 2947
2239 1446 3301
2319 2957 3304
2119 135 2999
2759 1839 2876
1731 984 3042
2752 1616 3285
2032 2030 3278
1706 1705 2845
2936 2604 3286
984 531 3170
1442 1156 2970
1854 2188 3297
2426 2638 3057
1152 2900 3155
1984 1758 3085
2821 340 3152
284 345 3309
1195 1481 3233
1268 2828 3175
1438 1146 2797
1723 2681 2848
790 730 3130
1693 2769 2998
1447 1209 2850
64 1526 3104
430 2583 3068
103 3035 3144
1341 1763 3028
1473 1534 2899
1226 2697 2830
938 282 3309
2476 428 2839
992 397 3082
2176 2178 3150
2519 638 3140
2917 60 2918
1180 1914 1915
2644 1383 2776
625 2667 3073
1058 2483 3076
2523 2815 2865
3233 1976 3292
2676 116 3011
2715 1781 2789
2725 2091 2926
2514 1723 2848
1712 921 2855
1201 2109 3019
446 424 3068
1994 2711 3310
1182 876 2773
394 396 2835
1503 1714 2856
3308 2223 3316
1874 1873 3247
2583 2180 3068
503 361 2982
1622 1708 2771
1579 1429 3203
2237 2651 2834
1040 1180 2688
1708 1191 2799
334 339 2871
1298 1299 2807
1815 2713 2824
1409 2655 2996
152 821 822
899 1227 1228
1694 2075 2823
876 1159 2773
1549 2045 3333
528 527 3170
1925 1788 3091
1171 1430 2838
1611 1359 3002
917 1488 2797
1040 1039 1180
2226 3308 3316
334 2871 2894
389 401 3029
1660 3105 3132
1875 1876 3314
2893 1862 2924
180 380 3019
1643 1642 3009
1450 1826 3108
1703 1641 2077
2403 2886 2910
360 517 3179
427 405 3196
907 1039 1040
1383 1467 2776
2101 1611 2881
1993 2473 2884
185 1312 2932
2127 2125 3162
1775 2828 2989
696 739 2780
2288 1871 3249
1859 1838 2866
2742 1976 3233
1881 1866 3244
2837 1085 2846
816 1005 2840
1982 1343 3028
826 1294 2896
724 850 2867
1549 1834 2826
1458 1237 2875
1659 1919 2859
921 775 3284
694 703 2890
216 3037 3327
1225 2389 3261
288 290 3187
2605 2604 2936
2065 2615 2864
899 2205 2687
677 708 2878
1480 2102 3276
1015 2570 2852
771 779 3258
2648 1842 3232
723 254 2903
2145 1792 2862
1015 2852 2880
1434 1426 2860
1114 1613 3218
1231 2745 2816
718 54 1676
1579 2058 3026
634 1004 3140
1460 2928 3111
2206 1240 2986
1279 1259 3108
2925 1924 3321
1806 1805 2873
1953 2993 3122
1168 1320 3275
2245 2246 2888
1512 1989 2769
1958 1957 2863
86 87 1378
1148 2629 2956
201 1995 3176
818 745 3004
2965 1911 3076
1215 2728 3119
2960 2226 3221
1230 1334 3245
1262 1261 3141
1946 1529 3189
680 2478 3101
330 334 2894
2811 2050 3246
408 3086 3248
2589 1595 3106
899 0 1227
2583 487 3112
1435 2701 2853
570 1303 2747
1051 1162 2886
822 823 906
2864 1945 3199
2376 2480 3044
2749 503 2982
1190 2786 2809
1179 1552 3228
803 886 2869
2249 2251 3155
2235 1082 3218
823 821 2836
1815 2824 2895
256 53 2901
1482 1727 2665
1101 1104 2877
1616 2634 2958
921 3284 3298
1144 2523 2865
2506 2042 3077
1153 1779 3242
1303 2858 3078
2609 1966 2995
906 823 907
354 320 2893
1426 1699 2860
2503 1058 3160
925 2295 3039
2775 935 3142
1481 2742 3233
2998 765 3293
2290 2289 2883
326 328 2908
1067 2506 3077
376 2672 3211
2613 2835 3252
1893 2101 3248
2873 1608 3100
1903 2607 3024
1839 1858 2876
1779 2606 3242
2162 2161 3048
1737 1672 3050
409 427 3310
1957 2841 2863
2539 1593 2969
1534 439 3010
2686 575 2747
2527 1015 2880
205 206 3202
1387 1392 2898
1312 1518 2932
2251 2751 3290
1900 2746 3223
1179 1380 1552
2046 2643 3125
254 561 2903
135 2119 3287
2478 680 3102
632 2787 3051
2043 2492 3181
2842 1447 2850
1660 1815 2895
1991 2626 3113
170 171 2988
2277 3339 3340
240 2222 3308
2414 2568 2884
207 208 3267
2049 1599 2849
1073 2644 2952
2529 3036 3305
575 572 2747
858 1034 3174
1146 917 2797
194 2026 3226
1298 2961 3094
1801 2056 2914
761 1172 3066
3125 1996 3163
2668 2376 3044
2786 1639 2809
2666 1151 2868
399 992 3196
1905 2752 3285
1804 250 3012
1191 906 2799
1959 2820 2841
849 699 3257
407 390 2879
2397 350 3246
907 823 1039
2848 2537 3021
1703 2077 2807
1914 1039 2836
2674 2673 2861
3258 1988 3284
1782 1807 2967
2946 2739 3307
1773 436 2827
1377 1706 3198
1835 2774 2992
86 1378 1878
889 867 2900
1968 1527 2804
2746 1220 3223
1144 2865 2902
2139 1489 2947
1025 1490 2905
3259 2855 3298
1022 656 2757
907 1041 2799
2234 1603 2972
2603 2181 2887
1655 1744 2924
1656 2090 2909
473 479 3328
1184 140 3154
1543 1544 2806
197 198 3070
1824 1682 3139
1544 2009 2806
2630 1589 3225
1840 2021 3053
2361 1926 3142
2902 1857 2969
74 75 3338
1691 1690 2919
2672 2288 3211
868 890 2891
1767 2794 2943
2638 849 3257
1592 2625 3065
1693 2705 3210
1916 2786 2929
1744 1746 2922
1190 618 2929
1200 2234 3071
1360 1293 2818
1880 2085 3296
1577 214 2921
2384 2383 2911
2380 1102 2962
6 7 2951
1778 2899 3072
2571 2048 3173
2720 1597 3242
2316 2315 3027
2503 3160 3255
1432 112 3240
890 1063 2891
518 1079 1080
885 1427 2765
1984 3085 3279
1818 1817 2897
1673 2593 2868
1743 1411 2119
2178 2770 3150
1533 2936 3286
1726 1329 3164
1147 133 2785
807 755 2920
1934 2102 3175
1985 2574 3152
1896 2797 3109
1744 2922 2924
2497 1061 3138
1018 1098 3268
1826 1524 2906
2299 1731 3042
1324 343 3176
2864 767 3239
2395 1942 3219
2435 354 2922
645 246 2415
2578 723 2903
2769 1989 2998
3039 2295 3322
2659 477 3328
2579 2578 2903
1872 2949 3058
2656 2258 2899
2919 1087 2957
2542 1144 2902
1689 2010 3045
2870 2219 3147
84 85 2874
1851 2915 2949
2673 1808 2861
141 142 2931
324 847 2923
1022 2757 2758
1995 1996 3169
2639 358 3179
2059 2060 3243
2077 1641 2916
202 203 3163
1746 1759 2927
1470 1439 2796
822 821 823
2281 1851 2949
2922 354 2924
1823 2782 2854
1850 1640 2904
146 147 3017
1879 2104 2157
1829 1764 3016
132 296 3192
2006 2579 3238
2818 1875 3314
1352 1510 2990
1500 1266 2946
2184 2603 2887
2056 3064 3268
1038 2435 2927
2390 1692 2939
2529 1461 3036
2582 1981 3199
2188 1854 3264
1840 3053 3110
1851 2527 2915
2435 2922 2927
2279 2278 2991
1951 2868 2993
2317 1301 3274
110 111 3185
2845 1230 3245
2922 1746 2927
1759 1761 2945
2304 2075 3229
118 1609 3011
305 303 2933
571 573 2935
2391 936 2953
2527 2880 2915
343 201 3176
2370 2861 3167
352 313 2938
1273 596 2784
1084 2464 2912
2515 1782 2967
1976 2708 3292
2757 868 2891
1920 1970 3186
359 357 1250
564 2260 2968
1435 2853 3168
2001 2821 3152
67 1382 3102
1848 2775 3142
2371 2601 3241
2427 1807 3271
2014 2659 3328
2053 211 3000
2015 1768 2943
331 2954 3006
1533 2362 2936
2901 1962 3190
3036 2294 3305
1641 1850 2916
1521 502 2907
862 81 3005
2907 229 3107
685 2163 3045
154 155 2959
767 2864 3199
2450 1038 2945
1126 1124 2928
2974 1834 3033
2505 2034 3040
1636 1474 2965
779 2829 3258
1322 2005 3213
1942 3063 3219
2834 2651 2972
1082 918 3218
3149 2536 3193
2607 1903 3172
1978 1977 3235
2155 1235 2904
2546 1543 2806
227 228 3090
434 306 2978
2189 434 3127
2569 925 3039
906 907 2799
2679 2038 2910
2628 1728 3097
2012 2013 3325
1038 2927 2945
2900 2252 3155
2930 189 3067
1505 1775 2989
2945 1761 2964
1761 1784 2964
2076 1504 2857
2652 128 3217
420 1073 2952
1781 1780 2934
2420 655 2960
2881 1960 3214
1603 2834 2972
182 2279 2991
1786 1925 2954
1240 2642 2986
1058 3076 3160
3157 1944 3262
1867 238 3329
1411 1147 2785
2927 1759 2945
2763 2648 3232
3339 1906 3340
255 2808 3230
2450 2945 2964
1578 177 3062
1768 1767 2943
1424 2557 3206
212 891 3000
870 2890 3137
79 80 3282
93 94 3237
2227 2224 2983
2694 1545 2889
1401 2763 3232
758 1649 3326
1987 1986 3105
2975 1500 3307
1700 1711 2966
2948 91 3237
2139 1820 3194
2060 3096 3243
2395 317 3022
2829 1988 3258
1258 862 3005
1697 1695 2963
2835 2129 3252
174 2256 3010
1151 2664 2993
2223 2225 3316
2273 2569 3039
1214 1903 3024
112 113 3240
1427 2076 2765
1635 2494 2975
1960 1688 3214
331 2450 2964
53 718 2901
2108 1201 3300
1941 2395 3022
2680 1457 3194
578 580 2973
1418 2738 3339
2786 1190 2929
350 2811 3246
1857 2092 2969
2729 351 2926
1715 1840 3110
117 118 3011
1537 1451 2976
286 288 2979
2487 1685 2962
1996 3125 3168
549 2752 3197
1578 2109 3156
145 146 3017
1794 1470 1974
1879 1378 2104
1286 2730 3072
2058 1874 3084
1440 1439 1470
891 213 3319
2823 1310 3093
1955 1953 3122
2703 1830 3166
2899 2258 3072
3026 758 3326
854 181 2991
2476 2839 3311
2928 2336 3111
2321 1199 2987
2207 1167 3046
1799 1798 3227
2222 2223 3308
1878 1378 1879
2855 921 3298
1993 2884 3061
1262 3141 3177
2486 910 3136
2218 2215 2979
308 310 3006
3055 1876 3185
207 3267 3337
2064 2896 3053
2995 1966 3109
147 1367 3017
930 2515 2967
2629 1771 2956
2715 916 3167
1063 1050 3024
2239 1809 3002
2175 2206 2986
1725 1726 2961
2634 994 2958
2221 2873 3100
387 1813 3013
211 212 3000
1609 119 3131
361 359 2982
1347 2514 3021
2925 2304 3229
2884 2568 3061
2117 2118 3030
2234 2972 3071
2536 1207 3193
177 178 3062
3078 1987 3095
933 1258 3334
21 22 3227
1999 145 3017
1156 1262 2970
2839 2127 3311
641 2338 3158
2109 1943 3019
3105 1986 3132
2530 1502 2985
718 2263 2901
1088 887 2997
109 2750 3081
2758 2757 2891
1618 2639 3253
3137 1870 3161
250 251 3012
2494 1667 2975
1730 1537 2994
2973 580 3088
2347 1730 3294
1903 1820 2947
2651 1947 2972
1764 2734 3016
1180 1915 2913
1510 1833 3184
188 1624 3093
3027 2315 3274
2093 3031 3198
2810 1829 3016
172 1465 2988
1704 2669 2989
1434 2860 2925
3145 2006 3146
55 56 3317
2155 1729 3060
1777 1506 3124
125 1856 3207
121 565 3200
1873 6 2951
14 15 1798
1108 2503 3255
1992 1993 3061
914 2189 3201
1949 2677 3131
1659 2859 3126
2065 3239 3336
1624 2930 3153
1207 2149 3193
1538 1894 3059
1644 1863 3003
3046 1167 3225
2303 2304 3321
2978 1925 3091
86 1878 2874
2129 3115 3252
1541 2078 3018
2898 1392 3234
2301 1390 3049
1830 2761 3166
2034 1811 3040
561 2741 3146
1053 818 3004
1899 1635 2975
1039 823 2836
2717 2780 2995
1556 2300 3031
1931 1835 2992
2752 1905 3197
2271 1927 3014
2274 3039 3322
2320 914 3231
2727 1997 3180
317 315 3022
687 3073 3291
213 1577 3319
2876 1858 3204
654 2507 3336
2562 2830 3047
1971 1973 3171
571 2935 3087
1300 2301 3025
2480 1388 3044
2493 1225 3020
1853 1409 2996
2987 1946 3189
1797 2729 2971
2439 1234 3027
622 641 3043
1359 2239 3002
1506 2680 3124
380 1201 3019
1382 1801 3102
1712 2965 3076
2145 2862 2908
1465 2049 2988
1833 1511 2980
408 3 3086
1779 2086 3220
541 2277 3340
1775 1934 3175
2729 2926 2971
2100 1643 3009
2031 1258 3283
1986 2139 3132
670 672 3030
3047 1490 3096
2868 1151 2993
1338 2694 3263
2688 1180 2913
32 33 3224
238 637 3329
3043 641 3158
1353 1352 2990
439 173 3010
2923 847 2939
2052 2668 3044
1737 2550 3270
1891 3145 3146
1343 1341 3028
1801 2478 3102
1455 1268 3058
190 191 3067
2933 375 3204
1763 1931 3250
446 2204 3150
1428 1325 3034
1933 1999 3273
2274 2273 3039
395 389 3029
137 2872 3330
2293 2294 3036
2181 2986 3295
1648 2688 2913
2620 1623 3001
1688 1229 3212
2110 2977 3120
2780 2609 2995
1496 1366 3038
2105 1741 3042
2402 2106 3069
1227 0 2944
184 2932 3117
98 1439 1440
1770 1769 3118
2949 1455 3058
2119 1411 2785
2993 2664 3122
309 448 3075
2339 1810 3015
2962 1102 3303
939 2505 3040
1887 1737 3270
2492 2449 3051
354 2893 2924
2427 2426 3057
1620 2242 3188
1360 3054 3215
2530 1495 3277
680 67 3102
569 571 3087
2857 1504 3126
2972 1947 3071
1793 2039 3203
1380 1689 3041
2415 2486 3136
2102 1872 3058
2396 1452 3063
2806 489 3327
2096 2917 2918
1864 1579 3026
1022 2758 2941
440 2810 3016
910 734 3136
2778 152 3228
1347 3021 3192
2279 182 3117
107 1482 2950
1552 1380 3041
1139 1371 3099
1050 1214 3024
2008 1896 3302
2258 1286 3072
2855 1636 2965
1879 2157 3007
1998 1478 3033
3111 2330 3312
1448 2768 3121
1891 1468 3145
2161 2339 3015
1372 1932 3083
1833 2955 2981
2078 1578 3156
2401 2402 3069
935 2361 3142
1900 1433 3074
2134 1991 3113
2106 2107 3069
1818 2897 3032
2048 1592 3065
1798 3128 3227
1718 2909 3023
2124 2131 3115
424 430 3068
3053 1294 3110
434 3091 3127
1589 2659 3209
226 1539 3195
2441 1067 3077
230 231 3107
1947 1946 3071
3155 2251 3290
2023 2607 3172
2109 1910 3156
2213 2214 3147
2071 1448 3121
1070 1505 3300
1712 2855 2965
2897 2940 3032
1672 1950 3050
1728 1832 3059
2116 408 3214
357 108 3081
3158 2338 3331
1894 2297 3141
580 582 3088
395 3029 3082
2568 870 3061
3065 1726 3164
2483 1712 3076
2204 2176 3150
1706 2845 3245
2600 1675 3165
2861 1808 3167
2897 365 2940
94 2948 3237
914 3201 3231
1623 1743 3001
182 183 3117
2694 1929 3263
3016 2734 3241
192 2930 3067
2785 134 3287
359 1250 2982
301 299 3092
1758 1870 3085
1642 2772 3280
2895 1049 3095
1809 1960 3002
2665 1727 2937
397 395 3082
2087 74 3338
1204 1215 3119
1819 2912 3124
229 230 3107
124 125 3207
2784 2497 3191
2224 1421 3129
3239 654 3336
1917 2907 3107
2514 2848 3021
2261 2262 3133
2487 2962 3303
1924 1735 3056
98 99 1439
2189 3127 3201
2983 2224 3129
1488 2717 2995
2478 1824 3101
565 2867 3200
2120 2108 3151
2420 2960 3221
96 97 3333
2722 1854 3297
2771 1416 3130
2336 2334 3111
2750 1875 3188
1974 1470 2796
1466 2512 3080
1788 1883 3091
2659 2014 3209
3057 2638 3257
2692 1877 3135
627 625 3073
2439 3027 3274
1827 1828 3116
1675 2728 3165
2937 1727 3178
208 1333 3267
1167 2630 3225
3 881 3086
1449 2546 3037
1259 1450 3108
1582 233 3335
1294 2085 3110
2682 1773 3123
3044 1388 3341
440 3016 3241
487 2375 3112
2812 1793 3203
1082 2235 3296
2216 2217 3261
1896 3109 3302
2277 1418 3339
1691 2919 2957
736 2046 3125
187 2303 3272
479 2012 3325
2441 3077 3181
1609 2676 3011
2740 1779 3220
1416 790 3130
2212 2213 3147
2242 2750 3188
1996 202 3163
1258 3005 3283
1636 2855 3259
1868 1869 3103
1490 2693 3096
1855 2112 3317
1608 1830 3100
1500 2946 3307
1172 1434 3066
1800 2700 3064
881 1893 3086
2895 3095 3105
1488 2995 3109
1261 2628 3097
1936 3007 3283
1618 2200 3265
3091 1883 3127
813 2887 3295
2219 2212 3147
102 103 3144
1924 3056 3321
2127 3162 3311
2297 1847 3177
1520 2157 3324
2052 3044 3341
2238 482 3219
2133 2130 3253
1833 2981 3184
3085 703 3279
1876 110 3185
2909 1324 3023
3033 3236 3281
2999 137 3330
1796 1797 3256
1220 2264 3223
259 256 3190
1926 1848 3142
2686 3078 3095
2787 2443 3051
878 2589 3106
1797 2746 3256
2885 31 3224
3178 3143 3254
156 157 3277
1909 802 3148
2976 1533 3286
1911 1912 3160
3223 2264 3244
1883 1885 3127
2010 2771 3130
1661 2716 3320
1102 2877 3303
2626 503 3113
3001 878 3106
2507 1918 3336
2125 2129 3162
1808 2715 3167
1660 2895 3105
2912 1777 3124
2625 920 3094
2321 3189 3271
3054 1948 3215
2005 3080 3213
2332 1460 3312
1334 2016 3245
2007 2857 3126
1140 1501 3135
1949 1948 3054
2252 2249 3155
1482 2665 2950
2235 1880 3296
3005 1936 3283
2874 1878 3114
2033 3143 3265
1649 2536 3149
1861 2910 3089
1504 1659 3126
2700 2783 3064
290 987 3187
1552 2778 3228
916 2370 3167
78 79 3260
2983 3129 3299
531 528 3170
3109 1966 3302
1682 2554 3139
2770 446 3150
2574 2001 3152
2443 2441 3181
734 645 3136
2295 2296 3322
2783 1020 3064
1061 2605 3138
2554 1678 3159
119 1492 3131
1807 2321 3271
2704 1707 3148
358 360 3179
296 1347 3192
2550 652 3270
22 3052 3227
3023 1324 3176
104 2937 3035
2830 1803 3047
638 634 3140
2951 1472 3247
3160 1912 3255
1457 1660 3132
75 896 3338
3064 1020 3268
802 2704 3148
3035 1974 3144
1918 2065 3336
3270 652 3294
3127 1885 3201
2100 3079 3332
3079 1419 3332
2746 1900 3256
993 2476 3311
2338 2337 3331
203 736 3163
3148 1707 3216
3066 1434 3229
113 1983 3240
89 1520 3324
1201 1070 3300
1529 1530 3189
2885 34 2984
1329 1661 3164
1587 2188 3264
1351 2019 3250
2264 1558 3244
2750 1250 3081
2643 1435 3168
1388 2898 3341
2089 1907 3269
1339 2083 3070
162 163 3293
736 3125 3163
1868 3103 3161
1069 1360 3215
2318 2319 3266
1021 858 3174
2716 584 3320
652 2347 3294
141 2931 3154
1552 3041 3157
2664 1420 3122
1049 2686 3095
703 2305 3279
2200 2033 3265
1794 2937 3178
2827 1499 3123
405 399 3196
1204 3119 3183
2720 1513 3210
1446 2093 3301
2005 2006 3145
1440 1471 3281
585 654 3239
1444 1487 3288
1870 1868 3161
2990 1510 3184
1718 3023 3169
2464 1152 3290
3189 1530 3271
500 149 3262
1854 1982 3264
1773 2827 3123
1392 1733 3234
1858 1860 3204
1250 357 3081
769 376 3211
3143 1535 3265
1539 2155 3060
821 153 3098
1905 2230 3197
1560 1184 3154
1501 2692 3135
1454 1195 3233
1873 2951 3247
2954 1925 3006
1235 569 3087
2889 2071 3121
1904 1905 3285
1885 1956 3201
2248 2252 3306
918 1114 3218
1948 2017 3215
2896 1294 3053
645 2415 3136
1912 2040 3255
2082 2823 3093
1686 1377 3198
1313 1168 3275
2065 2864 3239
822 1179 3228
1303 438 3090
2632 765 3205
3076 1911 3160
245 1273 3299
1945 2582 3199
2030 2029 3334
163 1693 3293
2294 2953 3305
2890 703 3085
1597 1153 3242
1301 2439 3274
1727 1535 3143
3201 1956 3231
2940 1666 3032
1871 2462 3249
773 771 3258
2078 2970 3018
1530 2427 3271
706 668 3318
1877 2892 3135
2188 2306 3297
225 226 3195
1831 1322 3213
1956 1958 3231
1518 1480 3276
1879 3007 3182
2423 2052 3341
3236 1440 3281
1454 3233 3292
2818 1620 3188
773 3258 3284
2887 2181 3295
282 284 3309
1973 2984 3171
2747 1303 3078
2836 821 3098
1370 2420 3221
2797 1488 3109
1988 1897 3298
1889 1967 3315
775 773 3284
1832 1454 3292
3063 2238 3219
217 1449 3037
1707 2656 3216
1966 1182 3302
1471 3178 3254
1769 2811 3118
1967 2487 3303
2858 1303 3090
1176 124 3207
2648 1424 3206
111 1432 3185
192 193 3226
218 255 3230
1795 2529 3305
2579 2903 3238
418 409 3310
699 742 3257
1897 3259 3298
1495 156 3277
97 1549 3333
2910 2038 3089
3096 2693 3243
1492 1949 3131
3284 1988 3298
2986 2642 3295
434 2978 3091
1020 1018 3268
2112 55 3317
1955 3133 3134
2612 1881 3304
2693 1610 3243
2642 813 3295
2033 1998 3254
1969 541 3340
1949 3054 3055
477 473 3328
1471 1794 3178
1898 204 3202
1870 2890 3085
2562 3047 3096
1229 1227 3212
256 2901 3190
2904 1235 3087
1899 2975 3307
1320 186 3272
2604 1882 3286
1860 2933 3204
1863 2100 3332
1730 2994 3294
2705 2720 3210
13 518 3313
2085 1082 3296
1954 1955 3291
945 2613 3252
1535 1618 3265
438 227 3090
2686 2747 3078
518 1143 3313
1419 169 3323
98 1440 3236
2977 1436 3120
1649 3149 3326
1501 2740 3220
2872 1743 3330
3171 1211 3186
2803 2571 3173
198 1339 3070
1970 1338 3263
1044 2727 3180
1818 3032 3280
2931 1933 3273
1513 2769 3210
1022 2941 3329
2853 1718 3169
1998 3033 3281
2049 2849 3323
2961 1726 3094
2739 1899 3307
3073 1954 3291
2892 1140 3135
2937 1794 3035
1794 1974 3035
3095 1987 3105
3048 1044 3180
3054 1360 3314
3032 1975 3280
2601 440 3241
2828 1775 3175
1429 2812 3203
3141 2297 3177
2776 1892 3217
2816 2274 3322
2296 2816 3322
2890 1870 3137
2903 561 3238
1616 2958 3285
3031 1686 3198
2983 1273 3191
2486 1846 3120
2877 1967 3303
1148 2956 3315
3125 2643 3168
2047 1898 3337
1955 3134 3291
3173 1661 3320
3023 1995 3169
2849 1419 3323
1915 1914 3289
1878 1879 3182
2957 2612 3304
1930 2889 3121
1897 2800 3259
1898 3202 3337
2321 2987 3189
2227 2983 3191
152 822 3228
2738 1906 3339
2620 3001 3106
3267 2047 3337
1505 3151 3300
1852 2990 3184
2217 3020 3261
2772 1818 3280
1227 2944 3212
2849 1863 3332
2808 1449 3230
2944 2116 3212
584 2803 3320
3097 1894 3141
3114 1878 3182
1273 2784 3191
234 2660 3335
2162 3048 3180
2898 2423 3341
1743 2119 3330
1875 2818 3188
1900 3074 3256
1539 3060 3251
637 1022 3329
3074 1796 3256
2959 1495 3289
2048 3065 3164
84 2874 3114
2101 2881 3248
2076 3260 3282
1419 2849 3332
2934 1780 3235
2941 1867 3329
2076 2857 3260
2157 2104 3324
3133 2262 3134
742 3057 3257
3260 79 3282
1434 2925 3229
1360 2818 3314
3041 1944 3157
2958 1904 3285
2119 2999 3330
1261 3097 3141
1152 3155 3290
1882 2976 3286
3080 2512 3213
3143 2033 3254
2546 2806 3327
2953 1795 3305
80 2765 3282
1273 2983 3299
33 2885 3224
3207 1856 3208
1176 3207 3208
2956 1889 3315
3119 1853 3183
3115 945 3252
3052 1799 3227
2765 2076 3282
3086 1893 3248
3134 687 3291
1590 3114 3182
3020 1225 3261
3195 1539 3251
1914 2959 3289
1727 3143 3178
1472 3084 3247
561 3146 3238
3146 2006 3238
2119 2785 3287
1693 2998 3293
1864 3026 3326
3084 1874 3247
1971 3171 3186
3162 993 3311
3037 2546 3327
3033 1834 3236
1460 3111 3312
1995 3023 3176
3149 1864 3326
3254 1998 3281
3129 244 3299
1471 3254 3281
3151 2108 3300
2080 3157 3262
3060 1935 3251
2803 3173 3320
1881 3266 3304
3266 2319 3304
3128 21 3227
1814 3195 3251
19 20 2707
106 107 2950
16 17 2707
20 16 2707
62 63 2918
87 88 1378
99 100 1439
220 221 219
