37 56 82
26 27 82
60 33 62
29 30 68
54 43 69
58 2 84
2 3 84
27 28 37
23 25 71
8 9 97
40 42 73
51 17 63
24 25 23
79 64 88
60 62 70
67 8 97
55 64 79
1 2 58
16 17 51
22 33 60
47 32 67
17 18 63
50 81 91
34 51 75
56 40 73
12 35 66
75 51 85
11 12 66
76 57 80
27 37 82
41 68 69
43 41 69
12 13 35
62 33 73
41 38 68
60 70 86
77 69 99
39 10 100
72 53 79
54 69 77
15 16 34
47 67 74
32 7 67
70 62 94
20 21 86
36 77 99
37 28 38
76 80 89
29 68 96
25 26 82
81 61 91
86 70 103
66 35 88
63 18 103
5 6 78
22 23 33
33 23 71
35 13 72
79 53 92
21 22 60
15 34 53
74 39 98
62 73 90
71 56 73
73 42 90
51 63 65
64 74 98
13 14 102
51 65 85
30 31 36
9 39 97
49 47 74
65 70 94
36 31 76
50 49 55
52 54 61
31 0 76
52 43 54
82 56 101
48 47 49
55 49 64
33 71 73
44 43 52
52 61 75
34 75 93
59 50 91
7 8 67
59 77 89
0 1 87
48 49 50
34 16 51
64 49 74
72 13 102
21 60 86
42 43 44
11 66 100
65 63 70
46 32 47
50 55 81
44 85 94
77 59 91
75 61 93
42 41 43
80 59 89
46 48 80
46 47 48
6 7 32
15 53 102
19 86 103
48 50 59
54 77 91
53 34 93
58 78 83
48 59 80
35 72 79
37 40 56
45 32 46
35 79 88
6 45 78
57 46 80
53 72 102
18 19 103
44 52 85
5 78 84
45 46 57
6 32 45
40 41 42
14 15 102
61 81 93
78 58 84
39 74 97
40 38 41
10 11 100
77 36 89
85 65 94
37 38 40
36 76 89
68 38 96
25 82 101
1 58 87
76 0 95
55 79 92
52 75 85
71 25 101
57 76 95
81 55 92
19 20 86
56 71 101
78 45 83
74 67 97
45 57 83
30 36 99
61 54 91
69 68 99
58 83 87
38 28 96
42 44 90
28 29 96
70 63 103
68 30 99
62 90 94
92 53 93
81 92 93
0 87 95
83 57 95
87 83 95
98 39 100
90 44 94
66 98 100
66 88 98
88 64 98
3 4 84
4 5 84
9 10 39
