4.216701457620844594e+05 9.201109654888205114e+04
3.979867445021169842e+05 7.489182903038591030e+04
3.685840191818999592e+05 7.577427391019718198e+04
3.512752620604502736e+05 8.631479494230305136e+04
3.313575518061274779e+05 1.022141298675929138e+05
3.568633169328855583e+05 1.203204816337066732e+05
3.735074337333464646e+05 1.351707813006154902e+05
3.680839068266225513e+05 1.518504382142898103e+05
3.569165364896818646e+05 1.669083297339372220e+05
3.534798333833561046e+05 1.907757600283263891e+05
3.633938279440947808e+05 2.195937034812652564e+05
3.774144447325579822e+05 2.353826863399484428e+05
4.012995793883652659e+05 2.384986803178235714e+05
4.213973762539171730e+05 2.406640493309792073e+05
4.353803934392828960e+05 2.457601263831940305e+05
4.506039053843099973e+05 2.355832302833276335e+05
4.751147398011680343e+05 2.382663016396982712e+05
4.958815646694726311e+05 2.475613121950743662e+05
5.206567256950784358e+05 2.558830181120037450e+05
5.416890397913667839e+05 2.393715425609481463e+05
5.679718489487979095e+05 2.398742964967109438e+05
5.800344706918430747e+05 2.083883431392929633e+05
5.733700412908513099e+05 1.802372870287558471e+05
5.722078029037404340e+05 1.543551820480101742e+05
5.833810939498714870e+05 1.379072992168444034e+05
5.663764374793532770e+05 1.297550022104371164e+05
5.658130579354767688e+05 1.020633051212128921e+05
5.325371403120028554e+05 1.023433822960674443e+05
5.085077789860818884e+05 1.054523127637983707e+05
4.955203399245335022e+05 9.843753928556670144e+04
4.686227791826527100e+05 1.031956323907516635e+05
4.451464624724141322e+05 9.760336446982772031e+04
3.849340719663580530e+05 1.488821730716804741e+05
5.529802652686137008e+05 1.681857441582742031e+05
4.633060259729580139e+05 2.182124896968681714e+05
4.118472588732754812e+05 2.245510027354087215e+05
4.509540500788277132e+05 1.191001453943494125e+05
5.243666711716949940e+05 1.199907333594905504e+05
5.044562686158857541e+05 1.218230787768077134e+05
3.755496378082548035e+05 1.991451979570253752e+05
5.158890681515681208e+05 1.377769512483469152e+05
4.965591592021274264e+05 1.402326148470013577e+05
5.084834738207793562e+05 1.567894771279715351e+05
4.874472193580088206e+05 1.585055727288030612e+05
4.990631003734105034e+05 1.751086567788129323e+05
3.910163313814250869e+05 1.312109453280140588e+05
4.038370031635790365e+05 1.450471828364402172e+05
3.968087202317026677e+05 1.637591950682750903e+05
4.164286745030832826e+05 1.598787605577798677e+05
4.097484462255615508e+05 1.782902413522393035e+05
4.292300461111949990e+05 1.739102306198025472e+05
4.868202237983110826e+05 2.184819191242957895e+05
4.783519206401163829e+05 1.782422076327016694e+05
4.417942953855489031e+05 2.186782973538232909e+05
4.669580290662686457e+05 1.608648560018014687e+05
4.236739727338106022e+05 1.921715313376025879e+05
5.371195977556677535e+05 1.348702504671147617e+05
4.097556664433946135e+05 1.262845605886237172e+05
3.851171918368577608e+05 9.678810990673363267e+04
4.356109637632854865e+05 1.540867511146433535e+05
5.534814155765457544e+05 1.969454223213399528e+05
4.598133316331334645e+05 1.823996414805854438e+05
5.330506676832074299e+05 1.825948181693360966e+05
5.096810113871481153e+05 2.275553723455938161e+05
4.073497849280902883e+05 1.966326776353954920e+05
5.049204098119747359e+05 2.083652376093021885e+05
3.934681822583744652e+05 2.208146150365417707e+05
3.789178094502387685e+05 1.661668760307161720e+05
4.848899066049609683e+05 1.167487375069156988e+05
4.757295331936193397e+05 1.392902216084802058e+05
5.279953701400627615e+05 2.079749487572777143e+05
5.529687329051573761e+05 1.459244799491183367e+05
4.272618526246576803e+05 2.258089468703528401e+05
5.312426403809974436e+05 1.569410185694686079e+05
3.909053806729089119e+05 1.838582578604205628e+05
4.703526116364120389e+05 1.980382474164801242e+05
4.294920331968155224e+05 1.156369838478505262e+05
4.553666252641385072e+05 1.420084835828630894e+05
3.781609648381940788e+05 1.167310660987837182e+05
4.220857443523517577e+05 2.106480252817806904e+05
4.226799330347710056e+05 1.396944284599435923e+05
4.411441540036065271e+05 1.888495672083850950e+05
5.492933353964983253e+05 1.162509735251755774e+05
3.967297267410040949e+05 1.127684727853405057e+05
3.637750262349583209e+05 1.014019107952962950e+05
4.910838735941376071e+05 1.946447571745017194e+05
5.497256033955384046e+05 2.203273965009075473e+05
4.029735572824584669e+05 9.727202533029962797e+04
4.053910549864294589e+05 2.115182181238566118e+05
4.395606245731586241e+05 1.336457362982367340e+05
5.168643829144092742e+05 1.721092929126602248e+05
4.494983604170501931e+05 1.663489783093155420e+05
4.361993762496014242e+05 2.023740908145807334e+05
4.522987147726890980e+05 2.015230328913118865e+05
5.123989771038126783e+05 1.893781275033541606e+05
4.124784406523164362e+05 1.091106251230440685e+05
4.983435735328654991e+05 1.106154170832721138e+05
3.711538395608881256e+05 1.813708843220851559e+05
3.922043045200554770e+05 2.049447699301563844e+05
4.671125788648398593e+05 1.240686440966720111e+05
3.789612600382778328e+05 2.149866302995029255e+05
5.514779440890807891e+05 1.310447580395968107e+05
4.362186701967717381e+05 2.335053441966620740e+05
5.279020278217679588e+05 2.296213599670347758e+05
